1000
637253915390750521 302824356818 584679990391269967
51079306793291607 664583423125 692480357303265683
307176441438543001 759277889671 896264113574967066
763191761517624687 236852158751 333325324195404451
712233689417183433 979853482861 686271251328373359
806892980532402435 655482351736 401324803248155677
89991444149857311 690892772434 267527958740427845
817209248089517910 528594697451 55998750845256021
80114831377535953 922021135396 513316798839309951
69988334067956077 386741093441 104187469555130042
615045054795142373 797504527592 649104766894960043
964689383598380797 388799220537 455533734814687201
673827766351458493 570715864833 126263901230610501
399639858628194489 855828776501 494171536181705751
274260931236179637 152895090651 956172423853107921
25951100418877697 68062363485 673644487734106427
308981380030092331 783536525981 115489937712112161
51670746844374840 879140639745 978863743299180945
81253639208428521 54416724389 628559420958400841
624716063116508229 235431085831 821749219174929121
313787415945696101 960390140141 680800314417080799
589869612854244785 801509244567 370692888693857466
562633787070188154 152367972293 157772982446280458
757965628785743061 821995547169 108341354423524273
380770072424066233 863841155217 245458392873722617
368174074857094713 16643025621 251551044172200987
641537452425774972 76856396261 869565010450772601
835165712935025025 954183230307 115813809511995755
881471770895372913 335062054917 948150795809149342
582099288387250186 398925754311 220349652890002111
762964071143232911 862322700643 278736340757655967
871277370393873791 682145243316 209816041208416611
839294904312009101 820566271241 816522448943416911
886153474022083371 736770379091 781592849492043876
619745956426666881 174783034001 124658081966113740
750644520457361936 86289232335 552091363589919251
990588373553464021 13092280080 900212648881777101
173560448397549545 854558011081 96674469758100353
591644722755091995 161520576846 350889960087358353
69150161592439273 335406317569 97439231277473551
644556045017897073 819967302081 746107070047924001
267844668336750074 117734362987 815875678568500241
582523547811033591 890183618304 986739087410909931
789834837885479047 852434035691 811262292579587201
749995143173425857 120068192202 953247274789674550
733382203722169729 162102244843 920330320533146877
214927813645458763 179677259001 220425090000326011
134892863250767506 703780823451 933395866355882191
556604334237121469 8523159465 221890978308173701
198523363709526837 568188153878 89385639637977376
990462205463021641 988074808673 70707244695990071
892627636170048157 384094177188 747558531374648316
325415554754313121 719395285811 145209620054615653
350511196500476130 282162926561 50988399330355729
613440285266624041 95010817801 457890920736317573
262511385020659927 222220893477 18074536671641477
35616854165781901 52575091591 873555672465957941
444774155365357630 493549054538 43126394630578165
79656011421016385 355439044127 400543708405602049
587852630243134126 794479426421 891088738665787109
953721452750470328 225000876636 328273176139310204
680805410658211009 490811122305 486292784075042281
628149782114274505 541495846411 118474398768525029
988813165923803143 627532037411 883635040048309160
363931017098332681 578028311991 351363251337866171
851730117630650826 144448794431 702494858085537007
754552196224249019 935360606951 981937800852927447
963026178143396418 608695275216 716820908494345878
889852545096257717 603104121909 295957592770647891
448955007325244598 470951190217 385720442415912169
730486512243521905 736979555011 684103378892417276
228884457336511237 660287596658 837438470451416608
142334516905705341 315160122977 773447876326621917
116739952948780128 83709231516 540878690730027557
469070600129152926 458326756163 487963092833412063
362687088906568283 70944169104 279505997243194181
217576399845608751 695548991609 30852856105851970
150312034221384514 726410097329 157872434549956277
228450610826323467 967729392151 313928323228485936
935387412185266609 741158497801 755603689914860561
865662064609463251 35208230707 49824735918679501
165505603934890306 181485610585 349502832733307715
344294315690080465 594953155599 964700813181249761
377061086385752713 569168753 484601990161450364
930317877746590716 860700370685 725875490927605304
506242292553067368 530996951722 46003501860347326
364191509721389666 912386116413 562386144660226797
496907229415982344 760948254391 273546177881121875
855178958597520725 61405549772 308575172554392347
81617072567474937 539831538401 66016550941691901
437547454947258103 655102498273 548501103712563725
121868534280564705 739401840579 938897730734546983
497350701666205881 282104457057 261948152975832317
776221680449617126 882066072145 15217098871152189
222387379833359753 309259228753 236424433603979849
163974696513687732 785098635982 845462864286647851
300383484756989494 453371057656 925035552170410332
313519744453925957 473186764113 563745054830139649
50732352073291514 907570873271 802861428380716719
235340669048867571 299381164281 288434555651274130
501655496085550102 607385730931 357381623045664657
118232092018646081 480316800931 317102766357090950
125497242343963503 382901563896 104236356395366717
131946456418988126 593866907261 66716799081253211
262970543841860033 122435983593 45359964618721741
283057973018127085 301463659666 56577797936345801
665627791955182661 944741441401 715856916907877647
921882672144502922 348873878332 634675039410823117
737886078336686357 646522425848 408445856526834836
960509403390152801 921861735026 517580098296778716
925581391731173811 765062376281 85606467843548931
183063210477272476 411046400051 538858002598375065
982155451713094221 598538295808 299342049206243327
631186290135662913 990941944663 192090015888531851
910165490305614343 868202970561 923858749361296236
801492802695233417 72771401453 907843252751008025
136762355244922569 496747535181 45703301141412941
58734526623252741 181561626801 674096577347815402
47302126108346901 801061246779 866628239641166857
582656512466738818 834786933041 20331491912009703
988829219326844029 12479646445 709495044258911277
538048093702419001 289749244481 269773573180172785
909350021427466391 48868501951 284360830216513198
606272481066099291 125347801672 757992159242620591
459878549850680481 160505362451 830709783779054275
528486344663081482 996549777033 190106969161180921
234195650819871133 129699422073 408431513865290046
953459563386836025 290087243041 863508365073913025
627111372687686161 373691693846 971720755803176066
616043488256025761 196211233345 573065569626515988
924943361241291741 588262121285 360681093994900721
30108481460041299 308209819321 235197318358872966
653034529218940389 453547291797 789643473514559653
894650834866255737 246825568611 534625176089186870
857785857607787916 566111822530 404107791958323297
608202818890622215 311112130004 261809145749329526
71574484632690785 113956062375 394425612699166641
997366530824207419 514515188101 180436541689581169
992570027860298881 738449954983 196123935624423212
264700065626218615 168944480531 375227109074545757
59480927836451537 879615786713 401703523492807961
703917981077315361 403608846067 664036092011865001
200981299129252617 187461640054 819639262302934977
591696339529777264 490587828237 940995873015826901
337852314165429073 296564803204 82457777158933399
161312699126036151 939648312961 535488495272914901
881542352263101491 452973569481 320560925759451593
700979767898331117 796094726542 44402251598856677
541612365499770606 127384793927 454629883181441310
493184339809745299 936533978449 900273999902373925
554789650852150784 63166173221 184543651756319317
62685062411003946 964361219979 971799889404902438
513985169189267686 566692616329 823535083482830901
296300505483940408 258335566689 182900765350171830
115628425593302816 605028435490 986840212284398316
834155467340689051 675469738814 773284885598461536
81327467552055167 659973446569 325614347619218009
551339136244605883 659260930625 123713184747449719
963099487026271959 529331669499 52070049017302771
682803083846980662 611582387447 776957072544254141
57929101722898368 55481041817 744566257262194086
738412573362891001 613769582596 317539046591753897
221611982131743016 837319736537 550557341924458275
584354494399663167 629491368784 429764492934557319
555045382572144157 861886297626 273600405249700986
999005025243140699 196600923471 223125510311356599
580016660761914512 616125769709 893245603967996561
495591720131699566 783815689895 889496934431434518
326814579150499331 162621768890 779360900224520816
745361679007564636 668656651625 268577081127063681
912475703588217151 195379814691 63537040345914221
41032143813014288 678585738569 151598845615256161
493524027359625885 110150354182 617773082873939581
665169149883125393 383370561576 555766024786556689
67481318292600713 951437984145 972573660532534753
724199819700851561 911826472074 209023811341744781
982123259190037951 878635481446 392693966627372573
791189655748529005 720975592592 918612876483953751
825781655717946939 909421905217 608858603932688597
616485408001242241 722345120929 588399884831001621
882339558842682461 271468633096 489337722640772925
406568312142545562 387163345585 49326914431103278
666811414634744301 809321312945 296767812252677433
67729037699139697 744904801641 123871876483822391
378641062607396926 881792918713 558396667157534557
40264487921130878 604323402969 444583312805278074
610873876584405121 26327764329 91198293761320468
472273094284319343 668319555073 346905884837129857
532478400507342065 51604168514 979316994662536311
721972604861334717 536382387995 793476808034398401
702435729076323731 975874009939 253351502312600579
435571192467954579 298486467362 597880832033386001
336681154846812691 78594860651 352150750284237886
446366951844429283 341412028679 27517789773526777
197177016281994133 5389469413 520444768739116973
607663096089162821 529982113307 12540273160888226
298933454056395324 381992708913 988830866914415041
972715694141134369 711328739791 291893026452440892
728099058361180411 288091340097 636170596891660635
12604039026966897 903885743676 716657337845334688
187913724302263647 988468131311 75099788506651289
501080013376284889 532549397663 223748844829025173
192162085975122001 954285532016 485382916324627891
587606204719439869 65622495162 87786507230983441
226201979957738851 39087652541 58414747790969337
431476774406768490 60714050053 679485142590239265
812237685605058651 418112404841 160045927800607667
851282869455078442 269987337555 392466030586003833
869516206741191956 408085160386 632810326198897229
17915889078013672 61282599563 80915623769339415
419961339952785089 509895958381 789284285565201411
728659995779286079 107557140273 200429628643788767
28046780444452279 676664693351 86974476088434689
430422955300410295 503296135417 8903201815643495
634597680804328345 905266765923 465019734218225740
559871311548470801 149542602355 46969653651875131
499993944257362232 406986540986 192553985843067949
187950530622590706 458999857423 629918249724272613
498373265790128301 483084203526 712205418071602241
730025954670893 225089256891 239714656050384029
354052784230269201 743192237997 906440454473737596
796187778215262208 349533865107 813497693656809377
664291556096813873 294551670918 558701651027429048
761397729834543343 859652195250 45710389440046413
614308534755490081 713920256731 880671663998800557
411534203528844237 742634503091 163146360809568995
188359923175624178 385574219981 677844392908852566
712931472606970041 28193203836 354405221586704149
10513281412592045 844154207533 16967229798961849
511025432524657873 164777596106 701309350798526431
50215357792511592 43955627776 78753562740033066
344446552117166976 703032546267 794127053312431755
309598955406464723 758044316201 77610835366787663
342956724050458111 677479602314 856697885463710293
38862390046884531 907163477646 518283603614383125
352208032548587193 549283440251 185908708249234653
976496342343392516 585581735201 959931227387045793
412847823734971049 168898197917 334430324704989611
981739765480563931 645172429528 942252864312146724
563402305043252339 54177364885 874506147158432657
702053824382805597 288112463099 417816863886897525
832627920564464673 854140435211 784292222818276068
748757013555597505 839531906329 505020752603993873
370968880428827277 602629247793 260768808335123863
280268355542762103 126339477353 406169505393260625
316323151955808257 421276580305 683616211223846421
88171723814044860 427520346647 143994509694201305
307502699028482201 887757692241 810028000561952561
771799011504131545 115410867628 476268304507523861
620017724459860059 308217895848 949828268809502913
631251884583742093 878910133136 550245605336750179
594436240651430049 430206517671 519453605785911245
85023135815873316 145158807185 262284157395170416
172214155719107469 311012283947 567168216521154378
300678184532821329 711371843521 228563837000057087
906655799457627889 824698110217 96576659885396207
544252220194770552 6916577600 669595124037858281
811840182270442346 91448659681 170555129384488967
414009163299645435 645542204865 367246341027400553
76704520854009225 98444622175 478666517415163969
41871155274072411 670789995954 206264617298288467
637145646282496810 476192712097 841327586038601589
551477282737975005 152905744487 752164151084004219
583345636816143151 304862340209 430598627990391661
984647359307876951 310653302709 322726484859771381
870609585082901392 572482957987 666001232177172161
902636345496380679 926799267201 267783861261946492
69777775771357531 502804688801 379137729265691246
644930563649799471 521641538412 842277543492165723
907770173533307235 426437387535 309542861716161421
488342063018401431 962854003385 878489467721307617
696965611684306400 50672897875 959291716118704541
833187837145261201 178942836645 649702226898401614
354060561336738283 564696801777 337896285680646805
533349278924216683 632576180654 198372746534406571
99761562787717879 587526187826 740832597514970961
591136042009501949 478063571237 131779753229506227
450232477143617200 498848468411 803333696821018656
271708394556864357 591421453526 14573739437876071
963548033896859206 161877842013 73604348653653871
285983809879316169 790303247686 429578287988478125
848679776597835440 300660868001 89116956152742537
617722641863540196 337078206393 469428691496565693
743192773776417487 822869361631 204134923998663665
160694160750652275 471054336031 279081419790690352
272840098238020891 461645171401 149838313067607805
100879748506432661 593679102911 391285028222797795
925446840784172645 959104046395 543706523998451506
645250357563667301 759636331201 730073623266376115
9396526819907369 628032205857 574845005967032233
106783009581100165 472169547509 800508970918136701
541001633438866001 146825979121 516280227867325153
1692919128314681 468335859279 143376789742616131
920709602172761185 536252729961 650854565735640193
846432338062508137 985651992985 788680815416499149
246937626408566139 871600079192 901414116552867325
994349411406968081 792709095676 990970376356331507
250784084895436665 592679824968 83721533366778916
771875299134378451 141134852641 892574876590352971
348195296996992409 830870203281 33104423764122557
396421394545900268 679856812396 924039531989342941
236551289570847575 879629832607 301361783031596735
446034816584404396 7502914683 366543737798734171
25504476584692473 11486274235 523741902193382209
931462265277918611 964013575201 846890614493405841
853623484920837001 22065718945 189118344301653943
268113153228354039 538570102971 162805606604005293
497469972098069521 237769247993 75399360538785140
51564431524044713 763059545521 34733848118121278
8510193192560299 566207821081 509961017051030124
336755787259036901 488166744651 87212465531875263
264567922675904321 788894362747 357359329322473001
837732945570611035 555507175664 979050593608895499
816643963599206764 793044728521 470978799290802355
355655354840161409 394509108226 498156079594395719
237318657073858485 797568269117 275133141727022007
368626505379339411 862852577098 321822743275143107
746341214428532031 270380124327 471111648441889861
8492119684893946 141777548871 410000473225496660
861959596229634227 334143823081 166773641696749749
935182243185591841 809741968888 767855020105927342
583218085407086666 922204026992 531274961322897808
602280085935993325 997499043105 555755587855190970
83347053733028501 465213749335 820346651293438284
846914090845484328 755272227849 395859673295604451
966266476773408001 209114525139 898012192056385904
27522530412839611 791439011823 714722439243593857
420684619165807791 423690415745 458219318731146197
892823982410548371 78785074339 851770978760373435
52328359204816085 897619664126 913106943238859403
174527653757214073 865660958181 414755316226271609
359904209084371660 515222520221 398319167533643614
157368945966985894 860062866725 318779860661835621
233139104813816524 67025774683 166031414628518945
585999991704872736 732591702169 199296363595124789
485011104026439577 317584175748 453653402641790471
835384949733921161 445749252189 731957172201288635
772401957290260151 471070992241 892865481330173033
476435307862056305 190456266581 134499624654959641
781961030935206769 184446411399 585930029921712519
909084391592446081 279862234415 568832447569673076
872544687393861701 199405085413 213527668933073281
20610043046468309 374977761386 940917335124613119
787367877701963704 957970538227 452497441276423318
901670380416649231 976748649083 164688306447515601
334062529167433703 955001786917 924875924284853233
562421276158745796 350781776701 108177645928338611
26600843477093381 626773254557 382315885747474331
920791980510325633 158872072669 151037686001257325
135798082590552187 983182206693 49175444465170869
567245290280710956 355658118511 18109489808568817
221123803065436406 811717317761 574270159343581937
541792468809474643 686982588337 943717263907220776
320850559390393185 67625226529 123691116390243696
379680571419064641 606838217126 435490918843083439
214182230445994041 981935509925 425242919391435127
33991560125196641 526908312341 697632727107646993
294926989916223378 361140637526 293866558952285877
907269127238233277 241735510151 645972866487620321
646960244937268567 135393432657 79935020870231141
652223652050972933 141603630813 477274720112993508
768690649689017067 784663157288 238531765346691063
434219160727974095 866060364041 23277306937992056
934411174279471841 773490835039 127749769540801957
678258456474242753 79073594321 430389566283269529
947838005459975491 69724854501 562277803240615831
474022660475591240 333943818690 736173845806638130
623283002627771193 989714000587 44680192653854303
985248182412392961 33310209329 842057415049073776
565958073638956282 508031264001 846067522944164046
178191508575401744 368693261692 32418927626170685
758298449181778778 638854882026 730447089796244077
217929656252652751 468488683016 116541494806088944
715790135681402939 59193827321 155311622863583565
596279839411857782 528033909200 425043251945817896
209653189602846081 226545630447 787916663937438345
89851454171752071 585683650390 352355343420481297
492650125152415594 162312266365 167872847506696332
89369950409689905 745719836171 596114074078042035
971947338031069448 481156581839 258179055317336633
154743078388164209 408250025551 366861255985757101
401272128662648193 153405974433 836035113054967809
445353843994091171 792488648688 140863893192668865
916927557021613931 54168068209 195835264543735540
405208662943423271 117537923721 630321236913356341
5658707515416622 538507898173 539951247583741748
141918931617994105 9540695548 793131513590389207
348785616908176911 980627293825 363707899878603149
563551330864417863 165576384590 25730981906976669
831215184671683331 139142499459 451161654661513244
360426958087114219 108230780057 511493646927685478
182758040906768929 205425918006 655906706966253245
756951817034382831 947632076691 105496862071170621
15893840958900882 584055605376 569771705065533361
669853614155487682 220487624221 723394990275508627
434211285082506097 986007786242 88606461286179967
329623530139128871 185091752151 15061761191322941
874091034356401123 446820634177 733761202731904851
181575097354680161 644177207421 778801265985663240
475966649676892063 246302020673 371383210650362440
38060775285453545 303119483098 101400019512194185
697295074792753711 718160529827 183851930036439416
514661451490188223 804006241474 512985387810665857
820145325645814585 278649290733 253804332075005997
542244050368944001 661427388190 247074876546842276
720348011802253193 347661677029 555882417014156466
399614823872165761 725288658442 836370364026060225
661579084818059105 640516239294 421110870632346174
885502296220865767 94551356674 2348455275052201
526378954269567161 908846613313 576482513740963474
133479787289262178 587444742641 934254641691709715
353838011491635453 855377803052 83562797318113409
178539644687411641 452240832623 741848966324455512
741748702801584217 68860866674 512928791057475700
38645898474845569 336398806526 743437557887374415
312806338316923623 482921725301 78873917031199515
108870581275277745 389785169265 200768498488009876
108879045413713264 237076280556 796188141863405356
262319407424351696 158837642453 809318343387090221
966223922741395603 458699121505 105785547420507711
870687444084651057 504657331601 983869121985762136
520207078877947909 671953120945 776378679494851091
884899915047902570 29111361482 606951208893548273
159522276233631789 324328404833 917852495605480079
80404177350448565 799143320151 522942686565616961
785844620878572168 204711872249 728848246255258901
818837090681733397 83423187439 984690797544123089
909286515811577201 656574105336 102124906473940961
814003541868683551 771596400292 124180031590508117
155918372060429881 373590851756 94029192952058654
833771286450052141 380893892918 471780161856797509
601082833553124881 840323443300 852341297167542860
812475243827580149 252697497526 50604139756536577
966036025410394801 324687818315 510281505625832151
360743209473459993 417932693020 877823056260906013
155729571672005433 957573591101 272484350117321032
460860962668717100 661129525786 853592592304358663
761813190970818553 912188392040 159320425646141287
487609750914699737 121349843433 998927727166284215
64231830686088847 400091141329 660124900924591913
322386955581335025 659551450370 164331665218215981
892647104364398307 995397594751 729648233289147241
338885664929602186 694558505735 38246356071697441
412160242873533442 814806727295 384238385149296607
565910094157727025 664416570259 221555646997556236
711233945301971841 386616255123 751725890372947180
950608974038773941 151737292976 236530736365307769
143264869103660251 404454964745 529589411496589443
277941606072370876 255026093479 473283550935767320
460143017543100860 594735061642 763741202012227121
370732367701571867 969402374897 801104899406187248
927381424313824051 868615163069 232568320532878833
135940598056585406 672975421245 648885014713417816
7976653314586849 465186297921 25921496466310797
181396224827452173 830203442673 884412822078956465
520179592245793601 167441104953 92090420045935866
160378775526325794 383457536667 96214719097024776
824303728254627470 288431380594 557829151591295309
566677192044760251 510207046014 114292990388491881
282432981408800441 44938114241 141470707285218725
533142177086030885 410726415685 894543676733561845
559652161602554727 765351772461 793596475723900097
895768366575682545 856575834838 197429394174868849
83692496205391420 283692472323 871472066174601513
218313752294856308 240799019473 992874366285880301
269240548830683296 967892286910 266873230128893769
813040671341012667 931403412052 867765735504632449
727249026622650691 332036552035 451772809239161593
191350330575231106 838410085849 207049014957728516
216664780627565249 281933710717 143834114692665317
458544468579079101 448255409681 976228265003969011
28332045114369613 332266121757 244620571438841057
676338712979634623 856289420893 274757170848620281
801634380685745707 814870408366 803149703574327081
136718375094930049 706767752673 87265704828771937
126338028486003907 808391423007 285308693546264353
146190485359033684 226834854112 365051560899453601
473572922257255458 278682020877 720424651210432447
834111128486249524 218481475156 297656686555288737
825527811711685761 161803943341 473771333170509381
850328553372714585 613975311176 599406320119341961
504317785931940721 209737924006 778876213952668771
398022862675575361 582831096751 955016482770661684
475388366555703121 498804792701 360791185935739359
742242046686339753 918038177119 661645201406832385
65988597992166775 684443386671 295066449182983249
555589114923524657 70937817291 563595360354858049
144652510634802077 264462881591 265668782723706020
114272654172201583 120517867409 834723907243252194
556939985240112417 791795256133 546622566338670276
117527768811248442 449588996881 141209025828975233
138369759216479986 859775516627 845588863934876786
372024993273594601 198641850365 895819712443658149
439271277336977387 403729206585 595617627311789251
129324947760680891 322295436388 61453726507268947
54293318423898651 373504132227 433311072817229409
81606465736840575 95729047792 278517449922829931
693046476969294164 496612735364 510336488322947681
233367117873862233 567803513037 393647671836313161
365352520075040201 628183186751 369585303292771137
635082825426801005 512716015669 156170693986143975
620932883035735513 585570020681 57307987125406050
98261308003007881 95686727409 707243794501232157
581779590277370056 105665564311 667382285572937012
409453660410343837 586730408895 866108851263089294
150633902980459621 803879024459 860443964748921521
889762127445988889 658143504045 417873038462577409
115251291934590737 948701831661 579269431023966737
925529079492632823 49514189445 542804727528063326
705900250901932239 972971977012 767581363283486721
759241735994916624 992369311975 306383112813781201
216188834709439572 421942270882 315125598655595721
805772903913667487 690162864265 659829978448606015
957777534828084001 454695532811 955897659827995202
275079972016413537 232604121761 347089146562753820
318222053849213473 617772540706 292166969284365001
777752238658080308 419886492859 863986177200982276
840821628172854675 993301458789 257491014215748305
645108812953434151 564152557783 928604579951943131
257371060572320701 629144628577 712272132739796561
898813719300473297 754387754401 886050701994206121
139699120797825561 192261703969 890222180159688653
310966913980094544 576323503350 810204590363409587
834580231160222381 579830155371 837750189737504431
323671106833369563 551964060942 308649355845657121
511080625391527093 404643573185 94403769364608948
288762506439155931 855465906986 347001210688276767
57395770446439183 652473958902 996311560177303521
384890294270375361 96880657201 382814388948227165
468449713856092785 403429144351 8012585431314314
40775708472048975 556520834709 323403736446301873
567058596092313882 119691277436 575119948614353441
892116751774332161 728684392045 750159937645419441
48752926217443905 760900061621 771340310306949045
706675789549896894 772285820601 54857351277334924
559427799988576129 131342441287 224839682947393805
365452285745823663 289282799306 71931549780912037
327433017102264243 466423071053 558464362917738129
518877354173401 45604047741 50357549500214179
544320349393183958 588910937051 396802442505994101
805604039403040001 938116097665 136790712491109139
14662238329107797 74523947745 544592674213376145
230955867040583146 791640908831 146129495092089237
42752197097683997 934298173956 846179567833046585
929745588281846868 421732035037 858993510602067903
908614952078877837 859454573787 254227956463462132
882749492419566175 748690781305 754715373343722889
741122668234899006 514704693955 119047548485888809
632279148017570323 930831456403 124995548585529481
650198617486640273 116392473701 458286107716513363
405331067872486777 808156806971 492349100440591425
850389899410695005 728079299910 34278034883664053
250509962077987433 737778600859 225144248691826761
253242534171875475 113833844921 701535450008062251
279987780131670367 435303751025 119677400206628721
683121143161347876 303714283611 863150401628447233
5959034774946881 44328445524 393803606331662273
848609042286651528 107500169223 941409946635791718
944564814545320161 901894893781 580749161349237347
364301502371416238 271858260139 687276158278032324
941886713579720881 732323076764 482722816841306017
231038943216410245 305046606374 311202491919876419
249211040269793961 641069069569 85339455810957955
608041630806869449 560600086861 443344438107027104
669571692461116129 386789211341 683635725584300651
338352899254437719 851675422721 97321179123346949
527190373049509584 343917914195 231352926667705061
231829578998297385 579366884465 293581890512835133
226020841895884098 735103204431 117787606591440809
246145371404118751 926547829841 686284332757471721
960699073063214941 48457498733 556514368373612329
80602230397616995 167257728093 888814993908684974
210754930590240743 367963034059 680607813323562993
106164369128929201 975331491201 158507733748425099
687678327358764041 354572442984 403872696488877001
443100058339599945 971952832935 49313409875706272
230254994614372098 42360259811 839580049744479555
320759068111522169 824046676106 236332567302697265
407193555650871077 214221714457 893551866826581613
199220621408418601 411942705013 905641855894153553
148988575329521993 923018605807 411401429872404403
812722049227387671 746612232105 811120763090318286
62258515883980385 930066050139 249093041013066966
344230887391278769 699752197540 643620699474516489
112926373478791536 132906130681 90398767413411386
438808477062356113 930689112755 927354543772843359
314799182986403281 639074626197 267364510904485449
482176758452790793 202679720621 359099353111843810
320888280944998865 342601083385 458663641115531057
880997733441215413 156742577158 126355067947797501
871849412938487151 234454977251 787179347504109823
78580438059347013 533429213901 838985867130784526
464816579482773444 807670485665 46074343772538081
565471863131258829 920374060682 353358901661775656
478988403533687386 485325739763 837553657265280053
900116805216148101 293273786226 744457900561954567
322380451534415241 932134827753 37494074408827825
327990138935206058 882169374953 162947940925192886
139707376303705024 377829931201 733930453190213269
62142409619252705 705024548309 900185638464032121
349345278114489955 39483473417 182823072439340581
544790715206994466 756946040959 924739451187648636
822305714504345761 898068362163 231120122040695297
983856549842255646 942381192521 12859232038886141
839719561289496831 46897395790 303178483192380051
864350946597223796 167943640836 2790336874949889
758953324150125161 767800214945 548503468823908465
269819981000052451 22217839633 241816238128677637
979666522080768053 715191622673 174233984273877877
414797455320594901 385402338069 128148014428336292
251836343143658553 503899012605 240241987786062875
220494501416495423 774526616161 88135931905334047
441982048940303398 354191035981 247358473297130874
289581865455232677 841324821936 499813025783379922
252742377606598434 36781495726 12543902055285505
803013190311340217 517685704673 214724806334306321
500335836893824427 304326686057 823424095277799389
951111248759413551 254442753440 72801548539278689
371241220413012247 747184162418 608178416165458692
259717597765797971 688888164637 788962164255609191
579631616038183526 933916590 922881486289896823
169953967997005206 603670920275 248610887663671303
700847808449762491 136191470181 840147927162252798
32839873074274088 301688805164 670726359044899095
94314381920714809 648318224435 529964868864091881
488818563074228667 655503234221 247722699389335700
237449740674341429 11783473257 621646744013376298
845221317593344876 750736438145 302052186755696891
659062341743979495 619815834951 923836345397709536
138976306827584158 678330534721 250629654605066413
931314147156818321 232325058343 101954420456169949
844070424102498901 451368820955 555573895364009875
769890123925859601 508404276537 277798090350497436
322798820747114865 320134387777 29882400525250097
104288594873893800 271162925974 395384680869652807
791949464342961223 670122843389 303555440412614643
118583373238320167 549175123891 701908439259068122
191595345773481176 850757310572 9261407117577075
415118084402988791 37847961741 343003022565010752
655559140475578989 982142597989 23126435935184761
504476034081058342 917255308756 687251269000446401
770543898879059990 869750405203 321919631515608793
442826444405292695 112058774207 557139686949724818
572103430218309325 448606082945 160885627588578593
695411394811855519 667436068229 456548223369801393
398052160833112905 407230603891 75260674095513301
100905311053649273 42888689481 327742175831418636
881749940597176 426757181059 230441900462568283
493131396124581271 693756941583 999412890595590417
862557466331387313 222522449290 99296761583212821
266835775920150627 790735999635 907084201769145465
443697188534587008 268710438625 457392048828957125
462868357939927669 280995092994 801508822350596401
440316776808648012 930642968485 745408418911203321
717235589174686433 878524597831 970013444739944591
406594131128232147 849249163841 585344527098495381
396672477565380916 759788188581 458158306253495847
292617170057873321 802000398194 27279350169627641
454806747011479264 248770412241 554360825688404867
654311401506063167 163974461897 6163416853113967
288806282643011211 301746249089 699002998854782619
291205788824284901 907845770885 172860746270272001
578990269377204429 8578154761 213722434907808734
206012589879835921 787598522522 282903777433825509
478045839972366964 631849838439 241359136314754241
84283789796534432 665603689422 143029204920507203
671000636830027306 121317606579 26902774195467605
995269049092916097 468096866031 578467663231202011
509676525620311651 341849905395 2548395589301404
527511289387272965 155190559481 783395693990838301
186823952500099373 483059696603 2771871630945454
62140394037915796 360381186181 546705273733417418
548654982174599455 511772025625 513036264170256561
127294350615417551 60144987997 16301210217812551
29899815029834490 643863962991 314274175836352641
308786145394686592 396816062246 471442988521633756
100468300034247599 442507315335 508606407785863451
203185896798132337 445393785396 231816067062187497
599457991670042181 688484188496 297998451870924928
261053384248287717 99421264323 754483570918920301
24149594256935393 250438065626 612209437185599516
906270673886195861 607667301621 31616501116215073
637364206058277083 174928845263 591682865109524169
295667489760354721 843370937761 901266198740833026
740930187649150901 408079256685 17293724894297781
741181068809873726 675462904969 117874643822508261
813782989725802353 971439767666 899626606254036616
976859917049612501 313466359671 307222582441461961
733728140599015360 391350282399 31275079383525345
197495877672380649 36869817201 962505658631280681
136001659309561791 461787514369 373132429750713956
215140558460910581 697641114766 517685571767870801
943620888665306633 227652564761 247908758381252416
817293926025613245 281599140061 342389106098025276
964139966670243057 582081265693 828163287995847686
757170584034151437 98805582177 412817054283951426
967393054057525365 26041466927 792220196113979361
248369468693547389 693415245851 74096265589652489
800505450682648795 978764321657 183300277201683113
926138748585379241 429985307150 591960386632879315
152547176488543264 681360013201 545067499556109941
576503255231070201 657410252260 597854212488855706
34826407358100769 545387405181 181919145948430026
649048883914066177 388081231657 32477129191118895
306896391410040781 231410863815 41609832546747793
89304473420758441 363901980603 339273019799583555
145845726546711991 399660929857 451889729591227457
5007932928794447 708388045637 931621457837851584
422368663724110346 392171345953 780205820489825001
7931898452633571 113081129740 200303762184370893
141983173600223457 370679187405 938192745712301325
803833802806444869 227552214889 829815236202210531
267658051257280446 508308707541 375253754737158753
290228874939679341 510950187137 54877795208327029
34925226428229325 777503626928 27695204759881921
753113371276811521 266730390281 3287177189939707
824596299064982012 139287768741 154514309721280102
396209941881234898 65069179321 824733940486681051
589773796421978017 505723504701 598301214127808658
773199171360935281 192880624484 535635107457048731
378315226861616188 322920538549 903805416580426926
103529079488975986 110175728953 718386238113626587
586612122362726891 486631502585 203601697491778573
814178230618951968 65749467722 7797062259272981
485322042673373045 608194634649 791695193874743136
1345789202723351 424882007563 567100646823706141
217015736817013148 441468566691 691624791286199849
551356901720412879 712939590077 240821455972297222
362956831314039201 715077079425 66399703184780054
951675401338312469 42622246538 11280094505241541
857263853803874401 290192258985 462895613726964649
316746600458131602 393621463155 984370024894258492
709265002255102705 316735964269 23548725029038715
856533411944368499 818731049185 206849591085774833
651026477924127256 689377008499 31175891260006621
229821821678609369 812843120245 486898987953499505
516005448928004588 937723481536 111567003969194722
10976398517626371 413764370481 552726798039607226
370799680077850945 581261238981 63469526710222471
704797097801670413 479527524315 7555579420865686
606407304915275887 23439537731 991860751682988657
218424448667167121 782692225197 625755491861103626
385774923883992409 395791807457 112728580242442869
113628703537487157 986180257499 812632672972722876
428049339527588263 998419470191 177706417796493781
24503834083230862 879885185281 563916857328227863
58311392810966394 401891359091 341644272809058913
819116167486032501 642917112921 51511685893395741
157624610692765001 677543681220 770126953233197511
254406557942899877 450987949737 35514026844521601
593382915803853651 812160412809 592654082316359393
412534046610848773 669493402071 269582539695707545
824805974502006178 411827892731 221082869101089171
142009090120208813 322400632825 551605762305733165
556198403517631776 132706773903 85178992891947563
638661970626635186 509260437541 708457612427633251
179682264193567865 151387716559 918702972959527559
862213050290498761 113948734161 272401675321322461
394196673173745885 12696633001 876118901996838051
244323273052044346 410031830646 50573233533071053
794249363093137488 145212407153 587050664978610689
712863501709257318 972971794722 501635062668181449
167825786633733093 871998622503 706722920890860238
232358003878733632 663649587870 611585688046596724
28160944311820540 510186418193 12740333289554801
14110313840833951 86906846889 137059055444071841
137546788914359303 510076401114 650175581837829249
79400446245207527 408502713859 561506395921200950
72266642173154792 882992965796 57632488671155995
63251894740479183 907381640481 759012143456567280
816515047572189675 188485037801 436000609967441702
305729017551239169 406209134659 691686745742525111
250667435229058526 14857807746 996251911184872561
664178997122826549 518908010393 838168208620565389
859562019442770625 23806312425 706738789038831253
50954221541250809 739677136315 635480431502195926
382271495097867189 820919159742 53845828346123884
970247086682027841 826669975557 200380196890377217
271967109411766676 246565010765 527529626960449291
932765515668190256 164477230921 57080859891257864
518487258025216409 323071249421 150320732168800809
71189824228885061 251157166303 68056357159115986
732445436634007550 217348575697 203885485473603777
441863045617698597 139176303657 244889921332867309
718981067076012797 49484561751 658681207548622447
881106109687802305 276076749354 702250467044870641
439435197615269043 116254847976 1862840618602388
111554588790808974 385440524493 740450649441275326
370463452636391362 203277898601 291716517502429729
759899511245680841 270592389155 365404431711921677
450368477218460616 47511497034 525388074582151751
320318278398287398 904465487411 519469700362100619
909050417713990276 162272267745 696501529018980912
703365453136089437 762982843473 21507104515894181
392720013507363736 319171459381 620481120211885565
830056228447096660 418593831907 602681059461989887
122866144698860934 666004377601 837865525072087062
181399326293932945 105505149543 428310122116263977
895121411394657851 7671935736 782368784826608431
146466716471591671 248338977268 436446822152391161
51435798762403941 496791347241 784817339217493293
95688865259066481 854385116505 709689809256091517
170662884299903697 407425301907 440172510181528489
135598123396941366 975829045681 249452552949132637
857516844649172385 811189571601 520263212584667587
451415909896497336 733005290721 117700718511439885
340593450279729711 488553813629 952819972910464451
977298830504612281 138830002876 915502559179521501
945968155004346895 855451910762 967366140417596881
639854742308761765 422788648301 160403721387322679
271180230869429505 70937082365 226791153341949998
621687042828376661 291506929401 556419586906409143
680874283290546621 130059800577 171914693055287247
324883228459207901 525660398369 492430686108748249
153109035636583035 962003545601 165283814301401750
669653691209657200 769759946136 184727529982044188
645756383804643201 691917317646 318041397179028761
517154958076789439 893634468740 338102692927749831
202886205015069321 355102470081 906025226964022149
298101731602508210 950770320082 645010976967144021
586866320087606017 157066294563 950561766899116376
126298110223097446 615364790619 3389524901652461
31301476255778931 399893429832 343057023357529976
804551140157759253 287937917532 500624661937306126
928252355959646741 688291466696 548124880221075151
428043584000301126 589978764021 265286921386084356
72823944843432343 104841479109 726536307821807914
479564231857062277 659186560441 433866293595708905
493093246055532647 416307795125 648415852488207811
999830639802123838 162097690973 405048260757955023
579717338418660385 276706932111 767533531908791043
936500753396950858 745456291552 480520022233561201
725424367424396203 95243189793 614006345846640557
214490433991953921 416472718305 31986110923323361
345061090292972833 216293906599 781898663459960241
624463173295474629 533533228159 490555446915413906
404726219519755012 443431224525 5075943480300892
145172706175727065 481322889096 509217530393009970
623773357378228449 864250332561 827393054771806248
832867320038325169 92033024129 182877491813911076
347740302426727825 211956429678 28992255459325036
137636925142200292 891067522643 137129795620390961
599581261846205917 612665526548 674279885405053739
913871643812169205 969343957970 802767239697196437
934089593817082291 859143591269 242457458389083831
480892213337217539 402089031265 781235271457182830
41718468182010193 543764128161 554156601876234379
149476610539297561 333411564251 392306428361055351
376899150639235435 351741107798 32562252374272236
90897191162468523 842377714101 670518964083249677
424453478676085051 67355654745 266998176859606522
293220892993978119 616035975615 604401761126972651
663004343186531511 97880999321 238835735797422769
586795622991739777 817810413436 619155672616762531
953942793978766809 548974738790 641589484724149731
951983929790605033 100098709547 909736693265361651
602201976137030575 243229360976 592628279353748744
12815232099396341 361307553945 365173672066772546
46737723686559137 835870016900 249922679513018753
369848265140852985 936868440652 269729209249414993
209579267537320564 493071478121 991597593515629649
801488802438289536 430650943901 734696925843807415
697973541946636321 258864417339 748643840186565258
12267063007799313 970426347697 290514417143224852
214329172987901241 46671779277 78318932330023933
652986509539993641 52869906096 975263192788603708
981041859498182771 429033925071 448037059861382740
599340662047133621 44828155236 336023555725348096
893344696097796001 253170456801 375138509763902120
145358274142121226 138015292457 933111320029775121
915879166013147985 990968719571 86892574874111597
929222381653125101 130963040804 302581733593788616
657213784555884682 918028835309 974644540406986047
136385517045296345 853400718263 286214640062022526
501119717736765401 677169918689 133080457400929631
879330227485669169 72880740024 957993484620312601
490843656975324459 272107420301 5813368704901045
135531692820703403 450964228653 486948989861565362
993232818944709313 57773204725 344128142199264601
81095161723379217 910108009593 458618777718356743
31585379838423121 1136114060 785803400495608107
979334257224299041 102283418753 465902215117895653
241526682244946310 809418803411 991137639751187171
82973383502367382 178965349851 753460410907597966
316614073293701937 198700601273 303530616593273809
830595913958257431 634182775813 477500913667666557
813352238096212350 681910671011 535615708695229201
450086648439291585 893685624609 916449965308074901
557386125225841655 963101190791 752521706872596989
195242672641896555 814319575982 650093041665638741
574649027230684121 367842072139 569577332857965001
500505554275036712 665941878920 46551357686051083
201520076869141601 291024984876 44149362332524351
731342426264915863 352409620003 474221813922373941
826660358886672321 51112431381 487790850461855759
696243165889571853 508866011257 593593658836252501
110250513875330905 736443122957 47781501717802308
16694149576592049 475769342003 291865482249228676
900966286147801501 990650366785 727527923328552317
733326095143880121 960625472313 103518067454472102
927582263245643365 218702395689 760485125802762201
672618451381916158 518857731309 885465889073373371
392478507804908057 270399433801 205043372113535589
72189297741018706 484930021217 434061768446226465
368304911985718871 716218988156 460334347297548771
446912112148464624 463555202646 551088065741528952
959948560827304386 589101449897 983572957258953489
797490682082205307 947702903617 179433085129205171
93942715885605301 796228196886 9813449245728721
994399238989070707 89156105851 479318613661174651
680189958330011851 536875185000 18134149943254126
926248710479973180 893302266842 195931613518522393
215106402401100061 690519804573 115584482683427821
392489123398683769 895955128801 229782863899857775
525599396880503251 362170385067 409616163687079561
967530319113045865 331709134190 346356577695924451
679267867811110389 852735523971 190221646430110626
595904321511664209 52479731377 734832419913872861
102096367343345937 758136401259 122153237893897025
264379407281650000 406000739924 129023944123138946
696846428745244657 119643259176 192122654354573809
17753386669077666 224822414971 916167799873950433
928768304493417357 145201703645 471013426908748265
850989915760854266 822239314136 69786872001158161
505211775710099668 861622413851 252119140404232841
398198694283721866 769280207361 901530939105379613
547605728693898908 974765083645 118485487962167620
989004137675304714 96017796532 178113133496168193
832531312943194665 180780888749 519647382641014681
467134088875243391 53047520 763526647039165837
927263791528848316 655267634785 309496238494840085
6573437982687610 267357883201 738835592145231975
818498976960936257 643573103457 283680611369081809
205368758215686485 471234439491 168273511159414169
835211115224941716 378026342273 684145616165430377
551210866811758341 249452860961 294206992740581627
505407462704042901 717785177519 551880700388005441
965924225685699209 188962609001 104086891382981867
4380836671563651 5150694617 107280046955294136
425175522706961332 827720823141 519657067046750649
201610984370825141 953781070221 391746083094977258
110002607732707637 957624461177 186298068654072331
810659727442412401 301880038121 520561295976416715
68999766061447641 687832871305 553435590631027574
890403066619333721 246493086345 917306915271370906
137720531239773649 931161779926 376174203621505173
888640829918644225 985240354335 137097731638700715
496221286780378391 862226516107 201746677512901738
933742336847652065 283955811699 25390332174144151
826034501864360222 64184606921 980822711057165537
856234972149493786 611744230401 758982761112196634
99159282036462451 894351878969 703205174145858095
759924215547405257 704724102576 603437578575107457
730459677668150956 514625682413 942998857790169330
683235359041041425 192000800164 940287903414054069
468496554557284531 899581046543 410019841839632729
638586613034485822 550833095210 430497800595381447
16726325867741889 224473333359 148643256908589003
739189558937242856 955533681061 63647420045065941
919659462331821349 525442315993 619135865440266455
18807650178011201 182138372951 238982236831069335
477833130882251045 700312332619 912489441043830055
641507250848720251 223507063401 406304102645304352
549236086266001681 480992467501 466017100509688546
559751941741233441 147048382481 623370362681209741
863859941334229257 481247117359 943494383530945581
6837641235261276 119256727613 177398731430149505
576658342475728451 537252716671 783176800475892501
726839901201651851 40524109253 959462341960391281
350864484982867149 713448064033 194154897728997013
237084884705677573 921576498333 491223785661727617
336019767865570138 372293495819 511592277862649793
285288520958085269 676661267199 676510249994252861
188687709941606133 438168545156 151273914145348469
462949029179217793 713068477821 147913907047700907
62318309900086771 253151990973 455033384832371961
33643052662508469 149175909633 742523965740136076
998683107711305153 394213261083 989264404654077501
823392541679498704 814255891025 757730418633606737
242159711046529297 582953889039 96136177859565891
76965156250013117 351898659665 239168394405941589
570768785844522341 943220011874 854895358622716423
883693538241950694 989533995881 950451995490251372
223010783816348305 223086444791 579176697560013043
441769531349277502 729250313345 789023099890561593
838536786125596745 12363110041 912765479315241448
548571359865244981 712654031807 53760368359765383
266030923570244033 115942796261 229194685459575489
677258591440627985 691905443790 236901672965932143
550060487438649393 345153655207 396603887766772869
649584619714783511 654644941165 139341456127565626
439719550564619591 419217978129 384786028088366081
513451400414233785 851714318965 120052883462902457
46387275384090817 346332821760 522118003600271961
106679654343807075 211243097091 592328336654799456
400624207112313366 676485149761 620709506330399885
767719054002090121 755666190895 365490712151202073
452266095442678649 538412433769 689045809055911230
625103308482552488 121571906705 189237060550222901
508434254656180465 257724681725 491728604544443585
