100
374 403 2
888 920 3
230 570 9
200 682 8
109 233 3
111 745 2
85 559 5
178 889 4
33 805 5
98 158 5
373 673 5
130 504 9
628 725 7
438 631 4
402 497 1
1 572 7
112 915 9
490 926 9
210 662 8
469 664 7
325 517 7
50 953 6
41 392 2
764 778 8
531 924 1
349 676 6
23 586 9
160 163 2
757 994 9
386 551 3
486 942 2
83 574 4
799 859 9
36 104 6
122 874 1
899 995 1
47 788 5
41 314 3
310 864 3
807 821 6
394 519 2
69 611 1
104 988 6
159 712 9
185 792 4
794 925 4
387 409 7
444 994 5
131 994 8
57 454 1
194 331 8
239 370 6
791 799 6
47 430 3
681 697 5
667 899 5
301 696 1
80 294 3
286 856 7
593 920 5
407 573 4
478 631 5
682 731 1
5 996 5
270 721 7
418 675 1
22 977 9
99 803 1
329 384 3
453 841 3
147 711 9
217 969 1
75 725 3
14 793 3
369 788 8
656 757 9
595 834 1
418 701 4
210 416 3
269 282 3
326 566 3
4 849 8
848 970 6
383 403 5
25 936 8
169 763 5
46 487 5
315 556 1
117 439 2
13 298 4
855 916 3
93 984 5
37 816 7
56 490 8
64 634 3
21 31 1
192 644 1
88 761 2
326 713 4
326 969 6
