1000
173310282877881250 279712505562122283 7
264668825207480350 939437272408315090 3
522133912026888923 963383184727439550 7
74553140408543737 601089410547576735 9
652162935742431436 819788215135403390 2
566920326859470579 771228618242754926 9
527728941997448366 672453367237541340 9
664651098351377340 842371982435933861 3
5542202693726478 442727247279077182 6
188201777401494552 596646505620027570 4
33229987434077671 152151838148782230 2
188352013273388391 792137828589215494 9
285039489315717181 878237092344258428 8
155055535491050054 817502953956766392 9
292810131072126750 905440287846949305 4
346346638731875721 884135583688426724 4
125426646943435361 681757999325728983 2
866187038670312954 958999154326793458 7
10889515963724994 999515229414399022 8
223858063305987355 872549029027009659 7
94782093122870803 222956464668282672 3
67558085085978529 728443666869637297 9
219717573408379179 336101090448087751 6
326170614634556954 542602755267727708 2
780174433075147929 968464890897522140 9
138915068733485884 448496848916256231 8
144742592971961214 766551811202776066 6
214218950335864026 417573703026277438 6
144265550531719234 178684861999367138 7
272061522551380356 784617995646363331 8
93093499366581365 574442466748216381 1
543214921120014051 794344328213762643 3
345696955017985318 999041169288784451 9
261200470742777401 270125432499641030 7
237410476014351606 288383060075078642 6
17969164396377828 598875410442830077 4
454189532103013898 559188319759258845 6
437991317913018867 479751787991225595 9
666084824996206633 849681241324018721 3
388097888447924444 420029272505953309 8
290205424395934030 552769746410774899 5
110593545832534269 546398654484481283 8
14862060569691604 20974476602988648 5
357115029007308796 938877864160519677 4
770157648840009016 839545596638766921 9
221953514848669565 768773933436958204 3
387508545573625934 481885585993633566 4
315075105338655334 441006010406399827 8
94403366669804882 180769116711077148 5
308470817945709650 354732168621601454 4
477943837303287606 606115475730280745 6
111399182866656625 820542138252284825 9
508467694711513574 910706756963407674 3
112874103826061000 272351323088544837 7
67328688952355559 234008794843747389 3
488795227864721823 758903374688214104 7
783232263927503634 934705781220171673 1
154957235542691349 362071161724881230 5
121735628970482553 197272297208208094 4
613269133476914761 985574557574085924 1
551648351057311410 683934857201694014 3
278044562243443279 452242674256201801 7
156420018740592345 386381686670616068 6
342507931380608422 744671173308406815 6
80395412702140073 654532174819131564 6
694963113802410655 980061585476438752 3
699867684050123175 768490110027723610 5
121089256413423984 857353201664846816 2
364869368467745541 569186620688816699 5
526743882391890103 982358046153595083 7
104479108524869747 550448602792474956 9
923388494916492401 990569653715462999 2
42258235575967400 933090589841489171 6
187688656482975934 215951009733449430 4
660548733145441418 688169809897892140 9
293970124625221542 979408063699269823 8
582876009401582913 779996796954581287 6
627205956659451992 997495280480927506 2
516627409399533647 612386528618743598 4
510697309345110574 836873422334410408 8
94325471318071207 536188681523792565 4
671259456006892182 919880793591436782 4
281881872309767613 514248791403270103 1
104009203198757109 207905255004146830 1
360472733260675096 391288845224147407 5
77670911354554429 971046777612398997 4
378458897856700821 817327113433955684 7
18209817537668752 720303430634397862 7
115465389224600759 527653026061550064 4
280642381651948096 899452705936514236 9
39796207282343190 836564626024386611 3
31994991408406619 149687852243337455 4
308576462621047768 882520871390058852 6
196048534332927868 392673625725200020 7
375167876659079173 953976155331698131 9
10153119837654560 341786541600259690 3
229582253962299799 338845881943703293 6
460617358631153979 698193048005569869 3
262746774348060053 269204478901870285 7
315413019857848426 890059043987994596 9
589011995891221936 953311389639130121 3
210107247848035208 756130094508328998 3
375224032539996077 545701054254027993 4
403737457469574433 717408175869636627 8
133516362690178072 998147044743483145 3
402182964289180518 709529115014443965 2
39614325175008978 336988032149691934 9
172990821927286985 911371668500603963 1
201632838370075505 260511739272248857 2
43334567021574693 762672096517149425 7
467096131236836686 470658964299576577 4
302948518302074375 982499143321413130 2
418113782054200375 961061444754834607 7
192631882357732623 432343968669164122 4
275442479819830762 773844440305504964 2
348104469876617873 363424057504350097 5
232666557969166809 949334868399079876 1
38552561850910487 296682828823494798 1
841022165582110299 989931173522453788 4
445885767002257049 504142171878251843 5
364125964591170252 705509010391950289 6
478952812724581235 787081212577897301 5
108089393261878186 436309487223155723 1
829393958925645811 941055333092200965 2
334309297276496154 425953237429374835 1
19884879196458988 414621299337636810 7
237280509668440887 273263226254627221 1
624360335883068523 715465863779675227 4
128935237091216223 211292942670059852 4
278838535240364520 292569743873311095 3
706820070460044143 795813664174682320 9
155234434381584664 380354128456155771 3
273214130652953925 517482028239368597 1
24013850560026638 28088834774134911 7
350983354314311125 544921897686218790 3
372684035611666069 948946137804653270 8
206079856145212830 294878815440486492 6
117135501541022495 683668672189211929 6
344174573132291127 858049640889998525 5
94712347110389908 623840560793036230 8
54025968814378935 668261071747655330 5
336303830909201222 625684966964052166 8
908842435665347972 932399224963805920 4
260270600567187735 594193918003164321 3
686218872624462801 751993411445775116 6
256910695542865757 824806992059705551 9
652996338448063015 894847089543364889 7
180017738650018414 779992839499996622 5
22405344498248576 673327825595457990 1
147932983799338695 185497911643299551 2
225008230345150506 971640985129251175 6
343214426352136770 997747815659278725 7
100588814864963351 317877792345870409 6
757247531028516848 780800950599490918 2
770277431338959104 790855053637919750 4
643655278367879451 667042556449839880 4
167533517148473375 316080691102234765 7
651575742241926254 758372689844335169 7
425481160902370976 955292087532520314 5
413734228852637613 505131277290438452 9
27612321645821237 614951357957060062 7
404836118909862076 716282304228764567 1
858772665977542508 939700661704535189 9
59887251868511664 182870546536551423 1
114632623599495221 741648715124174030 4
630499916543349460 711412339812574101 1
481083051654328211 614024568808489281 3
419887686326014266 615149741508447327 7
362910511792090205 822448034526216345 2
643324199267413528 960237093333926707 7
592538585563680197 905299884720764679 4
25314666745123676 908067232230585330 7
683840918255786643 785525119404473778 1
678010180062042900 901888962151419844 6
135847622721636580 583673362211681308 7
158983226471306305 401967778865721702 1
579069420528765763 633371404517194760 4
612662732147298232 756467008661534982 7
59316855430222129 257615115718336045 4
11824933163415552 291483664747042208 5
986191719800699545 989152602400289878 4
279799529931465602 293207070380096143 4
126744231225487904 324486600314263343 1
639126923649288968 788280304113742064 5
531177033246461360 642535641148869147 7
937042035669849812 974586536982538094 7
667303550847501879 825116206376249270 3
100141517511348100 787628355642243799 9
62716962997829964 727667125857055806 6
649079298894417654 816662886439637364 5
257447435839317990 613227029572760970 1
316085257180893415 448747797505822573 2
255826552460804990 409494404401211038 2
370293282002127114 479068812473226573 4
319461806595328899 585190499261789911 6
667925707774609797 963491678442419694 1
95000029741921594 162833037018670526 7
168431188354581786 779025055079139376 4
455654672884764 247383444139853917 9
206033324342665120 557357050700332341 1
657859060870027321 782781606437053136 4
25680583505804970 924236638799410953 4
135920764569400309 352324551975708039 5
322483773573625504 441207483019311225 3
44302329343576005 289680959871598166 3
753610098219071297 919943676937693588 8
151701642419823098 182859929022650191 2
136924097768521884 863673059732125794 4
375293638980173672 815145211648991851 7
22920567471052704 588090038505557184 7
103560520241252771 178483004017403491 5
362973595896289801 854486875685802757 3
34347253481160974 333475148490408096 5
83095897879375907 364996423319870029 1
390609850385229287 917426839352910254 3
40530103290541564 370866461324164310 8
80234328736868737 99076484172702976 8
40054506891451425 206698266456306257 2
442858090947151292 876250141691820962 5
600371343817081581 880185103802689035 3
523066999502820380 662494665480462958 1
262561257428940192 692988330630870792 2
145887664718701321 879901823037349263 2
865343552776729546 889745607861159913 4
741081799214969927 989431305508455523 1
285227223139694697 650139281302742800 3
771947011370808281 777113599706026693 2
601609901567623233 865696548843456818 6
406862438165138220 569419110430541786 4
806457469220070620 926969562826165220 2
176555005466262094 782195707508414770 5
383115273915574536 948886626555545287 5
198404321476125563 455962197437268785 4
277314405278937841 320531699963631612 4
208880690162187491 244216086237871458 3
262788703863755855 856095282154490719 4
332520969462050608 439882037205522715 8
755056291272580206 802856446402685584 9
403274056294771302 687253855552501408 6
37914275635444489 632896588418211042 1
750799302505469201 900403789098140042 7
257657858872630436 756564546416018407 4
393455776985891862 975133829275278159 9
395529183433652866 653708156620383783 1
718548712457057589 798765329620856085 5
337898690502926537 347640831141536792 7
29822187993084301 454286875362891879 5
689962960397826598 772770685788907419 5
242480000116165106 631701739518376530 5
197424193679237297 230780820556180393 4
43326767880664322 583187731318132025 7
227042175123203793 696430326590246569 8
469532157283810990 763156340217240926 4
704580390343713975 742315361839128079 5
610054210890683937 955189351500003280 5
35075391310349946 398421033840512683 1
174475700078302533 965918960170992784 3
312437813843168228 647969209595700978 9
57084841458918246 365759830297711437 7
441666397368515649 594571238994115842 1
153247102471905049 863658987164923483 5
75494478097374586 376161735064332667 4
807827622222121924 854113872737695789 1
58358740969099039 249349352378120905 4
789798197135669777 900797328159721498 6
708952639864022495 845909403925029365 2
199608809111215302 541862449303594809 3
20789579342203288 884376597908007124 2
424691180995391393 907753167122345274 1
47627842496806761 799907577287744355 8
836089541317981445 988519072190280014 7
127385974135071434 894963196393040006 3
212540375431983762 600645096379762267 7
238287627335783324 280969597429289134 4
185452741884376922 766662497331667981 6
119110783944023567 545765494841937062 1
707214733969065373 936469245572103167 8
95024888023771107 366081837055698691 2
336501862855565061 677851128256166076 9
214501868263065626 576789774876991543 3
452745859482903452 488533866494260513 5
568015991158227937 676558193862543434 2
36650024357557987 144652401773367163 4
634486756010027665 734382907506378258 5
162722591113481217 574553619446719992 7
71577136168899181 587256921941225403 1
401336822575792263 539126213957031444 2
270188443965512349 488666515017232039 1
133347851089001337 853512388626848263 9
552324901484396719 948134704853100160 9
66686881269923312 564395356457638025 1
110515291361053118 456721064852836977 1
586577365281552364 832250718865684719 1
363945255752853947 421102638046034682 1
649263070657816603 682203946632941416 7
110477329768668295 262934797117128600 4
121869449469526336 768253228846952251 9
219726194918689439 852499214982485830 7
590945776266809020 853623687927213276 6
67328924385330328 619443226629847413 1
690026769998430878 769788140179147627 4
105977359561533487 868387903705373669 4
128791002602111747 737645500185856697 7
214394625384794259 311349647855259338 2
353546900539543355 485233292875910889 4
93801543757484079 813502704228794695 4
51573299636393466 160885329521052903 6
634796944770755496 875944276974795708 2
710978026147006547 882418319087896012 8
61642295571712030 440963905428985437 4
157377760403266282 186754429375704502 4
364877421127230280 795431347684768988 5
539143212233174958 800262051070069580 3
12972175792185542 140485097572340809 5
539903750810085078 845499443316030046 8
223095511476275168 874676728215789167 7
385247834098286236 431943294523437754 3
78515526151294563 537689015572364856 1
41235213440153530 922831204325966940 2
659860058071738278 735304622930326485 4
329933035004643530 471339226844671734 8
219305803939415111 792355335422718562 6
63770910945418869 661017439487344845 8
195215330436042805 942731963324720308 6
494875717772892369 931113928072666612 9
163470755551145617 830787486579966324 6
613274069048554895 904443520079652582 9
202640403740828039 928237279261728072 1
352963375583470359 904728021738271852 6
441442158951663531 447599242974128279 7
130632121879557229 454021414307744319 9
339639430444395296 349396900013887786 7
110200301410303325 393239389088653819 3
621141159723199577 632275951807750495 3
153464025730475090 326311012699357621 3
224338667117638974 628357430013737369 7
47622160267691698 848894365911850544 7
69464364621454671 434682440306649337 8
780104703949291615 935512756603265548 5
2576865058296266 410397249903416577 1
308789014973675504 365482349471725507 7
67186146911847486 910233265876253625 6
159412055703513427 439808230038507551 2
420253549627665431 463945309712885336 4
281405143499700513 331010826928904790 4
56907885851096630 484779438168127117 2
511967588666341805 913610119153153299 5
263338488833325379 636090756906214528 1
169703211656679126 713583262857180232 6
679472638986339469 682407957326818247 8
125566967104220175 283305288492110083 9
382532163433941774 600535863891416216 2
617155838814152877 852084681531353389 7
293258862566585202 838529127502468368 5
334788684680318278 366678574463907077 5
47804135391759599 548189166274970010 2
613733946586346689 643221375694833191 3
192203236515799150 511387754971342551 1
105659947171006851 219974637004521205 8
310230893414178963 560342622601303877 4
236977103467620275 877362942951759498 2
774762063828628567 782223129420647051 7
49586553784511203 234537601200935853 8
538316361424601188 650211596280273022 6
2169558067936930 601326045988153833 7
88716630622977011 934951706522901902 4
811272744279058563 878702616578011845 9
370728951118413543 882334322188527046 5
207991973321736730 247313254630964112 4
220229263835125141 848995017453405902 9
356449633992378147 633661053338599157 9
98881499066769587 205227754967264216 6
160538514815871863 953570521472658634 3
257823670789970961 454186206668731323 7
52578424113945912 957642590179321380 1
163630879301879610 390370182204211166 8
43807916388756548 746863854566201629 3
92108987869421812 218731207717542576 3
835911003058237323 927681310929789608 6
496342586325054193 882106539831571117 6
179044422173025852 544112858528799300 7
675061669514447577 975710892344429383 2
959792411961402620 977200676751465698 1
262488777450152279 866179198396217233 8
528525429998969507 861258411274450725 1
694741108939856231 815243571679336098 2
44038699040969156 480240953146925446 5
112194737682484112 490681366541334408 2
273931683185176507 409368509974532606 5
462566286725787438 527561758244970843 5
349265309974920288 620138835069869759 6
78768683421202791 871346018153774659 5
60616961470429539 771880726070559898 6
11802358554295026 314292528665690734 1
76466299563512918 826005893730678992 9
760516383583643497 813842750597427684 7
486900534229566652 758742772853958104 5
621028459225852511 633969319752794936 2
38915465229809512 966463561139698097 9
108200080384613782 448049710292647972 7
290243501714194484 954293656309659177 4
563353201891504739 981098855380305278 4
420537585865340558 978890609782262868 8
1763196369039722 692816634852381544 9
41502808195863076 324001734492522040 5
289732158307766028 668125255876725985 5
205846500651956528 622948298264714505 4
351294702351371158 433843749387548225 7
181353338637401728 905249462945380296 5
366540304335499695 479399462751092112 2
745912530982838840 845664698788449379 7
97305768380166470 555902625906324427 6
505330530596149712 578097055788709319 2
599389846173597698 856470344253691132 8
260852185456181329 691269683953681504 3
380569523891679269 743133918962277833 2
408722094973119860 600444941459151288 7
97014195433202881 695568517822843340 6
416174264578615678 754149367622375305 2
219507336319181023 646198841972762609 1
268594307033170034 723854141075718926 2
802583418775458951 981949790753104032 3
609197791025626950 890523973242643099 2
373731118884602169 751858320876109044 6
394701696473220690 710986886616490698 7
425621306611723146 942787325762841461 2
229028328702292719 401565120168427258 9
117565374721582840 670413204111346702 5
215732906413750314 477005880608256935 7
460135235448009528 767002503611488889 2
439853767084207288 972744322452565656 7
337162541714672053 602940517293180482 8
461434828061619372 485438974547532167 6
327180576170028305 491100576273470021 6
627319728959143598 995535243702274620 1
656342669708624919 734046940644634163 3
6656202824982917 662829360877909278 7
86091356641567851 151686241452468880 9
137442509377877968 486459786857078739 7
218853125933312077 496299586707448859 5
288135165861545661 680794538904724513 8
602683962104806308 635785401628733266 1
212886120740168098 724462384653308864 2
139478029854480947 904757928480858481 8
438465345847886092 584198908464085767 5
131642972026212010 926910420201949289 2
272948952138215464 823320596024115820 1
119515742235562938 633426417810636432 3
225175146561270904 460435463165360237 8
752030856860242915 814584367981872290 7
421164537930078478 669611174321757449 7
754814657474048676 870807955467028572 5
90501216655905546 687127837498215919 9
681791187985926406 790832572138262325 2
113315579805509824 461724989371130704 1
685510400894942141 960547068885072726 6
386824325846128074 707987501935395313 2
256715167945874273 744156771383174038 8
81250972091838610 785576001552230780 9
361623483925911666 744593468045230390 5
730952327484532079 792674253101305786 9
159495725619996385 424484094473300827 5
124281948484586145 737282620120586617 6
467988184894890175 624661882475468958 1
461017320307670126 530715507015946311 2
361230779846611021 380496199302893196 1
387360076460950583 930672420472426378 1
249347562452343123 926577997523011233 1
90123397542709306 244347690174921511 3
238480615781364165 864814661063863606 1
120746813255255658 421968069320782036 3
42196322053563769 395740372046695168 3
436654750321808160 468487792569996981 6
727638320609941679 973737268078484673 8
108967319929251533 412336837477207749 1
252088227580949124 933409218048251206 2
517733440099237674 820490522816601168 5
602275321069556776 863847168365321179 8
655649596452840939 843174293738775827 3
185457240250637484 212793985632638646 6
213181872959803387 510729351084802001 1
327743190981815467 648236787690778763 3
105208047833344483 791478625291214468 7
638695729047556396 793939921654824630 4
276558487421993233 539875486096318209 4
309172711884196520 619800964315658441 4
413789233895728003 679761160447472200 4
650939554468156193 658611807899235906 2
33855891226185939 144124694322810789 3
320040423143985700 604908412003106054 3
76343983975226481 458945035247862438 1
266422302366159980 658030018857918654 6
134715153696269145 594836092862716346 4
304373600151569420 734543377578165215 7
460233964497375344 691108726284251147 5
373867393325820924 639242803035864024 7
342840871979439392 741930646091111265 6
485929347662540525 798627932204924513 1
8315320176482657 8929011064949085 6
329711814916012732 362764249267011992 9
119192351069518894 987842400161871766 7
721298826865590752 881272048382985166 4
607974807506589433 608836241421650072 5
305516591945222740 676508756850546340 6
435185231363329031 505665018413237229 3
103597841151315201 621002445289394149 6
298549494981953083 520636806221641249 5
4809476252886054 632289034513761371 2
69783032278570818 916144256277491247 8
489118884637554010 692067857592247269 5
13732266135522697 791261804862678987 7
243607753549968068 263075755371095859 3
274374144759340168 310999592774502947 3
822507467021389006 898445185737740775 3
399672578717030614 413270997328181473 4
294966659071991556 624299681451266229 1
196257418729416927 531492249665676048 5
286484245613932625 667340596610733062 5
290292415644479962 648308815597950881 8
614850771322115827 816754208000741428 4
314862411629823659 424830993399251751 9
441098978181812855 842536528992103364 9
319549101341605631 419773340554207389 5
601540227590812552 913743041609840359 9
346379867722384672 640251416577587511 3
842647340352769205 926975820913737388 6
170693538759818199 622647501537036127 3
28280588674429010 35892104543844859 9
217298116112127068 554947998352249778 5
513476483241288676 902706516266566612 8
290141474376980332 417678130726435901 2
429268980583364194 944250721224909462 8
114783867443023975 854279399897873648 2
193552220511175163 291938870638993162 6
393885663747853436 577274320485794700 3
461998683795344129 793146025134940993 2
329813884281270134 812967538161199001 1
214275715441263036 267141179938888352 2
319434488716756033 883166495229115351 4
829221103321377091 906932778707198275 7
319979877956524788 399366796130880567 6
475697669846765486 998488558705602100 6
125309968694519239 619627745634404014 5
142029422766577217 869033209747046575 9
683224914769694596 864917546424718906 4
295969917155095197 303821195807570714 7
381654818559881378 823906970118247614 1
194754628673937544 646089616981467125 3
298735483418630857 422604712956690620 6
254536102437821463 821891676764294425 3
45209834137143131 229471887246737338 6
365452043939262602 533182245698648499 4
686441175060917261 944868520618913520 6
9713203581999249 999581574701559491 8
702922495227269979 864970015034846546 9
30821126744628273 676353347284474108 4
377831562451239923 708297059016910413 6
115971731324022383 156393900670213656 7
299339354340709902 681297852548649289 2
699720417044230003 918012473234940712 4
653506694937092867 933802980211744918 1
247463378128342414 997960812045909067 8
386735734393201158 429999935137813974 9
523971423196614078 807300440426702198 5
489285020712374826 990957902406086187 7
657630007196569253 888786399667783685 4
744756588243404414 916249926939020574 9
80818991992856305 121248141259564482 4
368839975998351339 845275196084133981 7
729936551669533840 826695877576865952 7
467279256710165339 858977146083730782 6
223914568561004677 975377817718852833 6
337343226397277880 549575602694122872 3
93807029459147649 343666850102529275 6
113158820260244389 581590163007204220 9
313007238103685796 551696632245109483 4
10043578614335483 217187908677595424 8
633143035018205865 931588239203103894 1
386928795605636554 879807971212805036 7
841558197127925236 883818412708212523 4
767299297643187240 897420041860496718 3
157625497139233545 536636489076542166 6
822384249568342845 904600035559670488 9
330230961264339971 718824122031949956 2
570947166435904326 920953899289492120 1
114785265040666213 543205981977636572 3
190697429685576342 501740024043321646 9
222661018414839860 656955403828605929 8
683709910001349245 906867031231240576 7
19818627355887328 980145553141193992 1
313673418906383966 742536263404164750 1
85044636792032654 564344771081772867 3
392210804168503427 744671482824190610 5
69730780770150815 305138339449293334 8
284125340980457423 642398116676189402 5
142986352187644769 641453955662294779 3
127458639833370660 280339544631340086 1
426425182558135900 540947173052137295 3
294648180631645119 323793000058059520 5
26770156121999223 607095474708917684 6
516725822710211379 587125642377461993 6
604376481727327568 723342605502031507 1
28401066283296563 877681994648624841 9
522503836845643464 722233427852409785 8
15752970945910011 552560414941589350 2
42486444666257604 407356059482435944 3
370338758146356112 847627307465781604 3
437165682901867145 601993187638832839 1
92300586730641284 538793488549619730 8
163464003062543942 602810624145258489 6
306935668766391269 874248764575936111 4
469065916354483700 758886790320696667 9
270177763711628409 530885706102713545 1
59452891172113410 942927538869727309 7
374627227501588900 460731176354617859 9
489121690213494351 741164461485312319 8
74905408218931393 598203261847667126 3
626997838017121191 826475612627502552 5
331727838072837266 617006353921831656 6
203306417367050067 343143366562616694 4
569678328798965493 731998143764248906 9
563330752301562956 662007218848248530 2
42606119179023094 668314541963436470 5
125946772355906656 188257716310715442 1
389016216105343805 834234794883346090 8
117108412954744981 848545880709816128 7
546659232840309899 840775490201266378 6
652405396839823943 953554569986050510 3
450159180817565131 814369881173899168 1
75728500225292325 396991059831027021 8
637400188865890106 870259004927345316 9
186036920868639698 806315248803507243 6
707496753193672031 997161028379762049 1
615947747441331719 777864553086473655 7
439168402771886259 869754299984819752 1
441517989826928231 980309177090406159 3
130725926763541236 805314227483863460 2
413542728246317370 971889158183740587 1
185671522003655028 842264820669263817 6
115983092810485506 338108344344388477 2
166480123494343320 578110809677876778 6
627698852196517354 651087595530191320 6
145975904113974912 748529336810573855 7
355542071712887957 681724522800379964 4
640924747190189822 701462505011722942 6
291214664648030970 796284457943767447 4
328135730674725471 726353194177615731 8
535892212127569256 562320073571976181 6
51148946621055233 407337417849968780 4
404210375301776845 827584829789439208 5
951572861655370991 996613912274585062 8
194505888304126264 331068905115542033 8
350916386067982181 526444882590272712 4
58107908335764956 365104550492700841 2
581127002940902701 911925609662397051 5
18917441793607139 277332883575177229 4
119447048490166125 582705769228265407 7
944795246848685056 983285002355626357 4
324236430875020631 670942776797629540 6
802217934766010966 942267299728753843 8
470628016016101566 946513874889515842 7
864276830074524530 901768366018781645 7
19975542414111038 636887268139802540 1
726756161964435424 948004263571592145 9
250342288536872823 606670704831423698 7
395895422903214520 541902964652995045 4
255966067073364997 379813372130907532 5
559895607830653566 985210642632878914 4
401889755960618942 868273901262137618 1
118859551805841255 490538735830126016 3
393391385661554142 456104383559784646 9
495433944589865160 627534892703395441 2
243334825588613976 400320598286702637 3
254216899678942587 273412700995852962 6
337911143637872734 552426953986861182 7
177236746818774269 582693335366582016 7
215663442566702480 494451213076458373 4
580380089391068417 926252994050085901 1
133949734840994478 788178609001698651 7
388267305079631361 730521057000142023 6
831872351319906715 922327816852947811 7
83908363604248912 261498837642050769 4
201739645093114304 580650993614183073 3
224007575033471148 917996452953410850 6
298408518486608984 823735522433871549 4
72247618722391225 945463623670218376 9
82185202077951424 862777175702886392 1
436308835341121376 589832144403735053 6
249365609824326476 987056017910915346 2
269336558949858950 650778492902363074 3
638177347239718208 715611125021280363 5
36441675276522887 115847550853191733 6
229811387857193153 522842191959258768 1
165741929404832150 673331309902778875 9
418997971301043623 890355795780349826 2
351884904914919957 640723715505998079 5
79278227594040308 289387218169227998 2
270820673253413623 575714084858502066 6
124789258092650642 733710786085603107 1
94596079730148066 643263908311947491 7
390650451945426982 604764898382876389 7
41594774427874169 973228353016238954 2
362078664863567738 542287243964426310 1
415649914125294453 774513756989557994 3
48579796583889826 954751030465548546 6
353894612143869172 488974067774480932 3
339046163913998703 723750044599239291 1
117326730431828583 433144189372148003 3
183833920740908839 840511670664749836 3
95067427025506715 219940412700459877 2
79567754535127059 569535187120390425 4
397534026118336171 705277637994049394 6
664980767377674780 680218742784978840 6
626512590936654820 866207669807422695 5
619227932027039893 982706094261380798 5
252216150763024651 576428111285406194 7
298407766429513262 590643750263563642 4
316282585023969707 640444165394461830 5
366984367475500336 802327209425323457 3
418341955717330684 498931516373210512 7
549161984393573919 851651710074845642 2
388239238747277907 764186995430506936 2
320637525843191551 766307521471214721 9
696765209139227089 787215344974122372 7
270004144164953711 636503999654745817 8
432061014518258236 660938138616764487 7
708421971002691831 980188148511224417 5
210336947845852393 723707205323002445 3
836544810073562187 870840162586309646 4
104707411583050137 582689950580390011 6
574145528373187849 583210721981462049 7
211146708593289754 260633041293077788 1
369705425879245902 464364899596809926 2
341216174456692974 638196860416556120 7
370940478449192709 861109128367231178 8
420791932464910078 651314909906788232 8
412198838967455186 933357533402730835 3
223036072372099984 878072748955866623 6
104263505681109050 796200684824490996 5
137395214030740153 194562684576343030 4
29970318985257272 565207641839397133 7
482338222621989253 551007775702227411 8
191026221967500693 460553931173933936 2
350706053413838413 755439449836972322 1
10750658532700837 768517290325947867 8
45020303364190960 125676434447801555 3
149499667472973027 419714244674399199 6
157078910796819365 763320883682499440 8
114178630741161737 363958547523047464 2
2710001120007854 679407889788650081 6
290333794011233294 620706246419291435 1
157922038563991036 804728779823236682 3
657677471472352018 886853202605637877 1
820381836606364304 844265249508075395 4
254358735799929614 568000253629025933 1
187145455779972879 698429507636152478 2
80068869623377092 767029538315276402 6
105561999132155554 494142627704802799 2
281115434902146169 402453496015049890 5
153376158858695006 656797960805152562 4
326792704472538577 980231900894314829 4
61665061960926144 597486077649514613 1
274213408609084320 557913848323937194 5
276214501574578676 799332031484484880 6
318754899475197229 441310839666418181 9
516604989531368116 927119640478733386 2
2081826414239371 330503418112657023 8
384604112558923510 983111879462375570 9
408015029413202793 746354530014402596 3
319815426706911898 697491111673304398 8
270375626512637256 784924394594254091 1
409494317760888556 592645967655431665 2
203185968879844157 500824096052693513 7
114603597553745876 923966499448032527 3
325106899559598259 413151722449976395 4
539666132512122107 570838280163244453 8
216562609866480053 896081680071115760 5
135189164525097415 493496124087860631 9
51649997889106694 289953950858254891 6
236382574723727374 947377605476686085 6
310136453388609308 839707300114383860 3
301991169091743666 519992760647369695 3
72294858010180935 417834584862281922 1
619813464221351666 864612655373737253 4
947664921363935466 953466486326229922 9
31485118235169851 847854108809692999 8
465494628629134264 783363704182115966 7
553556983802307699 656681147379460095 5
161954791854599943 571639671435993458 7
489998256862823839 617381255815627971 2
477583490600576855 505920167166383299 8
298789015955721234 553615468151931287 8
33816668967622845 916667920780981933 8
669083539045833985 802834808269287056 8
187641648579341159 888379808819292167 8
24293728276001554 267486126105641380 1
591774496742857597 603506691677275084 4
666515623951076365 943695065194255559 8
615802989517302802 929413144643365443 2
175428491840265317 956405094205979565 4
238530086419321922 865154019072520096 1
347607057189795640 915628741842015761 1
585024443768220728 822587836187276460 9
379701730190223017 583133695532172335 6
841825481601743945 932737092273479092 3
505493256367538882 556572668696462221 5
454120972488107852 742162576916475608 8
81619733947132442 443435393510533972 7
78221014791194956 335845223469597235 1
64062748077062016 935362106636722417 1
66644869937766338 274282054650835902 8
256020237702223321 742096560022554693 5
110755725172945828 550858134074913356 6
34284150379790258 303401480474455380 5
201086490470829447 740933970633577413 7
619990513784327778 676139981148351035 7
873773219953574028 897835404626605427 2
550348303788100596 707417207683783870 6
123463304426695831 597600889476067330 8
43823972963371906 680329799871320041 6
466547364897006607 585132621070474210 2
159834446685815738 186011137564452453 5
3746846502132341 20708396648647585 9
746980909172780 502601270359127165 9
244361225115731366 901574426382402008 9
272326053761507618 938287602453851597 7
237272284425628211 741120047866395328 1
296430517765191735 328659103059638959 4
188903006030672283 422281446127697688 8
105114231113766190 154681428427927526 6
625851525962421286 733701557895970807 2
93800610859495357 355114552114150211 6
64009401943984489 73066657774358614 8
753637843956555980 809070844406088613 2
595562478714424978 684472248259483046 8
144286769571496893 242044405377200328 7
358716398773860447 780086899708807938 3
145689848827044628 937866816349784190 4
729240379907946361 844763196284234759 3
178165402567679722 182929943922094893 2
163792413324546357 362030130734532473 8
248394946715894460 443168092330244811 1
287287131485310409 991152880176999800 4
913307975852836266 975353511221079820 2
66422348417613167 429315252031452025 9
256461829239308108 918169986630170802 1
545263846890315430 610206910107914014 6
641120156127800302 653049988555242915 8
359211341471303883 867624454579569429 6
515569271852928365 952579512544498962 5
276094883606983369 879149523815461090 5
593225178008172683 842125072249370422 9
34860257568740372 555530391922361305 7
45576482686862384 819361640845985298 1
182427756967451783 544072386951223581 9
425040600756160595 933284440249042638 3
274242577446047681 597871861124095752 9
328814821839911074 973972461571184248 6
630617067186747214 786669800118217358 6
387928485939369505 492288931012264304 3
332844572563811367 348387398134006825 3
787698364474697715 903590940761376394 1
734956851810280540 876604367001197651 2
124010700739371274 256204163980337863 2
227049749041340261 397462650039989733 4
538243386983101779 733857109304358704 6
633953792555068114 829142216940621613 4
413819269305431708 443091883477460598 3
256485127016759038 310569098005821703 5
268647540652557102 668386594936817767 8
410518561676491384 691888572917121759 6
228655485296710896 578505728435201293 3
819404560239383200 906636413221154960 1
110730894232276138 941514058795111321 6
448889975366228945 753292556754144957 1
619199698762217940 728847836578045992 4
734481888429384478 941507508674370079 1
676933485564284629 729341308627448324 4
327590064568168236 572274726123466162 4
369025796897405349 846220979675098855 3
120748445299080436 973136295397362427 7
9110993316128738 995375612232687156 3
449804487533218762 738411359824319314 1
488128190582704827 741035713101977039 8
649822555092762564 947128762906360398 4
537062558175357827 544770954077121662 5
304502727799069417 337506177347364209 3
14554567712016400 305748312326414637 9
724247237674087719 828891678143738742 5
88315647754361419 612909079225257773 2
133143180664123726 188994868053556592 4
282898015675121432 463528333190276262 2
232966559058311519 372916058443978741 7
283386157467197447 370765130230552782 6
472558873051399901 773178636654929213 2
471532871010617202 636363300282867514 3
905883833637165462 929033484260483630 8
476022049766170127 566312232035895509 8
192640814640986406 999926683268944995 3
548183851812967686 767609989121937667 7
214893002386626536 897059430580517746 2
846159716011553051 858805277390816571 5
120266965729443070 372038226843370670 8
69575416956417354 369265339518039097 5
527284822300545419 562343887218916368 6
768598895741129660 946511471565265740 1
690721273595396221 856871689547414425 1
417484774156206587 774728803769657333 3
300533480318844784 442486090522610750 1
238031150545224308 668609657994514752 7
642023951930718390 916703768807916941 3
422705707370993044 629828930018116035 1
159240652715167548 876072278529221673 8
331183525279009460 996248345319788883 6
432506112170179484 656364211243154379 1
531289923184471989 717756928688168335 1
387943131972341957 825272584647742335 4
268895496467184986 464839079415473835 3
537041691689324780 919457263909657779 5
237102554491000822 527917450161023590 3
293365650441555516 482139819350923871 8
282721343247997423 535625462224726980 9
413351453912054960 815815383695396461 1
124987287442313162 883268566981198613 6
625853839754546403 753417344464786178 7
408225424495531554 419327105721980962 2
508585982711165643 884876409084893785 9
267388501620079799 944551775837969352 5
224061461027661166 519989171804440838 3
227222866580609430 369195367963972623 1
82058743141167248 447843668927584923 5
73445390689067738 684387671757745510 2
480809961508328958 896284100825127944 1
181451469011588230 753437610205417677 3
55291531579110001 954974671165789066 8
360854806438380965 517394508115727442 7
296648838608906141 576466575080460801 1
37871938891063158 348753703258511777 7
188088477900953416 667787960596561149 9
788112056266991119 906186675149033828 5
168675246262687767 398801433801264869 7
280243595382478860 397448782692945928 6
183877958475263686 349782271431191861 5
31989323671433937 320240209041898887 2
153385572447814850 483883290394860780 1
795256310228410030 877088157697583673 1
236985218789607277 684991830309035297 9
267717293997830543 808097228350699061 1
267085817734466188 972766810423078321 7
134301255542781252 413396041109704670 2
111245451452465808 231188494661768536 3
433204996192801978 518139790980000349 3
631416703877274671 810024914481316763 1
228287474011172177 355184622817783713 2
415457271012150457 947401689618348833 1
116156455488583014 441714247959941048 8
35822912628931140 215794907882712042 4
665599585725061056 992818826733783790 5
303096999686976686 675845307997923664 5
731917559385587041 836615864474484362 5
68929273726690371 690705753415048652 8
186595603558979518 800272515101800140 9
175614415814418374 628386617510474283 6
64381656014645232 235099819439479038 2
118289728600734955 651343783306317110 7
552715570150827144 998419190120303596 3
243506733109825745 942198918118872883 8
68549393001166668 386621639069277418 4
554894043359549157 935173900234397717 9
615871291520873401 865020218701138955 4
527139162435537224 703438030587981869 3
385901196395085281 489748339506636891 3
390059054750738019 912036061183492369 8
232017135308374170 402960604259918844 9
184220102774352343 677684750144282515 8
100094844707433024 964515839007985198 1
332936282713085752 441270408303558032 8
219217396222598541 375887333788876720 2
368652838549820354 709374515661756596 4
24570690820847539 770824924417722972 6
403343135291584050 691181733574294348 3
213302570005072355 307793447364397804 8
73080786165832076 432953702838518133 1
771543504312332168 790406443962987662 5
259968219688448950 587043674745489882 2
373249530532266558 545424586774735409 2
262189914360367449 610010576873743321 7
68040670803406621 163170900525247627 9
212344537632129267 648469764276819872 2
323517192908641027 755896322884102142 5
330497348119543055 403006091408309575 6
717468627855928275 967488950910992887 7
507090133173992183 608567065764567671 1
338526766959025820 453870038156142240 8
410767343337044997 924606582106803500 6
630920763666705170 808307616409500906 9
384223613952924445 635468592345246400 9
557683721388195452 610891152978324762 4
248112728481305958 827634183982938007 8
713439626958212877 972394584427730590 5
