79
83184783186111337 468692805216 773888122428402017
157275022427507149 535620606011 715636938836327974
536321382414882945 192286771915 771367643623730459
620845431301022921 954636784919 93806836915769921
661318224995180353 736291878479 228692612351211109
494829696796735638 38302877135 610278782720306369
119570405316630753 388050856420 266348495776395155
448224699192207316 543311241193 666619027608833396
132291788134799707 952515878970 717122009156185483
391224490667662931 760911961519 432871604974625688
978876571057703126 825947770979 494536829418539397
404226261532083826 945837625779 394622739628136551
508562861334883276 435294618789 298480947183879916
714889971431624985 41176001170 616645065371127051
458636599186495291 4069908273 874724783603213201
456115371314464676 82653810297 553209129556079556
79235689830992136 222115381017 36948444246043336
16815654639364776 419724845497 377919593080771346
333721909559268660 176111140861 686358331598063905
881714813061969291 847760478215 736644967320914451
663790593370141065 93400725667 807467902133124554
303115090199824467 995328736151 778490600530396209
580643163558494043 26265053778 874262450822545649
62977478873293751 354497317894 710947006077324121
297054221097236688 453402420961 76286250160785585
955978467015672640 267957426241 108432558118705004
374718683192461361 331075079231 269707425006456100
230030968411874656 13703687297 327610655270651253
692563984776361 565894379688 952459458216833614
944331282917774887 935881833662 106831769742567719
812957257053223780 507762210157 288100988459907269
918853148851596579 327191652784 387351188482774914
222337006784503065 223572992017 192152753047371638
82652100513906897 733480007460 416779986341538130
245159475417669477 834012745741 550562133606019275
222878775671439418 461539547485 216041843304336570
175795775145598491 541678450832 995935369654796341
680208921496379849 589058188535 421107153669034519
31372454775895678 658537897315 616058042197492379
393552798251801353 571836353765 519738963267098995
639657546339813401 60175997353 485742296634941089
302832630772030670 87179008709 508011359919437004
890211771998468829 797986556234 321170839218733079
13127442612493871 98832407463 255062639783240169
355777935641025088 196369636481 106209132660095385
539470422497578572 616066234521 82740007796856961
769064409913548985 325683820488 489417462602523655
176892077081168763 770732404317 746198809987158985
335614992240046583 48111391719 775626673108160321
346504966336778249 991371597013 807529773503169662
828654403201319556 148647431825 146454643711890911
454969351844029653 294911079427 181659695236469236
216723637657304579 528109166116 578918886803201697
832495834185814501 809293101975 327307121033614398
472131909196813633 368235253855 237035423358771921
115052583178042497 313902528625 24770781215611613
240964574135918883 208626259402 559002518062499629
681473555708729985 195166041053 531387898748883485
728929769136451101 972572651700 245304478713821275
977453450824342374 724587381553 733042522429956701
250267084879648913 443067675426 321353524810270121
820025547723846365 790795160708 94161604972002663
198598339402982282 483319352775 220454192149703523
926939256281415196 351133199477 8321467603144702
248871359790001665 746491042312 70090658493433298
143133821989265751 346958584012 458347183587986881
646053960563881468 958306754889 501117470642310401
240860550135387196 535924902201 829265859391902401
334021527419706049 560761681576 312584794311661985
37139875703024829 791352356700 592752339865395585
480066312329265369 874154686425 873418330173143391
101868379330986209 354057076175 233942451293885703
62841092638788615 404082132903 847094890017125155
64453934851415847 552449451852 763905896693540960
636318096259313401 578768687593 79125304282008319
756716726787020065 993564352339 319015448460162123
484461637772933745 509062509633 996292111142396161
483146675551727337 882164494394 233732247842675549
687071536785565329 435470745966 847848445120260873
