100
214036103654299101 713381710189 304312594933138259
176273147994515351 642116226833 920600863441786125
347599350105987983 636504960377 445833659626518150
518240912194669533 366629776121 504922826054394561
309920778350274771 424962249526 129455591363659466
40985678334091811 435767016589 905100168534988542
171512885181007892 706217495418 48433116359678776
567600615726029464 390185608478 475296196216490841
596151698066636167 915945329037 367481759328939841
992985763637534705 710736297841 876696542675900761
488684110175427571 686917074201 807206374896505812
964850924851339121 997504933517 213576838334572063
572340736475452092 900500393846 408790238127687361
898947043470495566 908582673723 530456807671800813
174857129656850241 238278259657 247632814727531473
345434106530308897 554393715493 95178862981185587
44322831893351552 293717236856 407544943035932080
515703343229875101 717928125847 722521728313529628
984898381391098350 541164435569 202081602510549455
673350474678466413 592094487169 826266274368641196
351359472118996391 927590419375 843307216835297121
48811939015243784 166999423782 657728761603125124
22937562542518317 880344603455 649271319364116649
635932701307826236 980771893049 659631250942036613
806285930439568693 819282575759 684351974575730713
540435851038510055 437348129599 213836095996147909
266089485028430553 207779414425 307958214153599701
758166368420730088 764161977525 392677053383661825
687401449284155909 219716417793 566424942017934697
112150361910030407 930537195811 162906649915473471
915602501271618072 680571400644 358688765870944087
16436855044252872 581150216281 383895948971346241
709075530981441139 365995199145 518628160970745746
450785817310181647 553800670229 227063747865982227
852871126067374077 212635476649 651040022236852561
848095799195632289 308582933184 426103776901399185
74939386789215691 52617255441 273653760233823321
476395055740628822 750587557297 692694164639929667
554576768619567500 885839563901 390253933092917671
581122782838224289 74573954893 247272777358493015
931698388858477416 174888776177 158570642729247529
393648039467450033 390212430465 625181876200317281
185077966917148213 680563440755 453923724029079213
542047996239721441 813293991525 14542643079771729
680182016543769561 381127894511 770689167040515685
393287538172968543 232812786917 866220849987816621
527451769993858599 962118270436 535397703351585289
617262822197303857 598254842059 452508697863957697
302260233058148763 381765844546 752659815392260801
919772560932508083 399885098804 706729802900784321
772936771173406453 414620823613 737301911829454381
419475302088566389 544130429249 824339599737672801
81417031765552581 142807670731 997679460363955897
73450241516119686 807406867397 826504489176987958
307558559286301374 762370706485 899177349721176035
666673956281837702 133002443801 422416866932159441
617020356999666556 909464079546 635993147732139743
431270246509479586 36910401452 249254991784179793
31507366775577645 177892189593 984002792588184276
547083832320210769 995070781257 855732565299303538
614473935937035391 438141574225 750431808126862169
612698066826227469 333405100145 881260215432934367
85122738045615001 918534694327 265870883396128229
115542271319020317 821211653433 904695767619838177
448688970712630212 37879050001 879340962280536451
290997579247117614 978146849341 14330820500205639
45305184462850601 231873084721 117867541320739335
742728569285149249 557126473191 664311325816789397
992786291574290301 392877637957 942980290875063329
784086155625391291 44223559489 874545264701626467
848340018442491178 473571605889 621253029377842519
687523368196274955 627460960059 201582590171229679
396170033876196349 885303121783 239592563284865911
250411427637951461 150143310933 427768623315947751
10703713342814445 509749886293 281750414264836217
7920687699891331 967335450197 913535192756210657
162374151423296501 252165109409 269426974815627553
726097850948248335 469080307131 220322649981539060
705101403862642426 418129792017 926989835806412604
394822899906571001 832100381631 954726478057181672
108614667412761937 832207596301 894087513709468771
239094624286310520 824435278593 904935959699756161
600581760669333291 215639572885 262379627179268183
480958712117986071 90187520856 59087002534698645
710985476859718401 193206644909 237788307524092356
328238684686499456 13624816001 575615973012394465
513220349812459281 350884300425 510971210140152771
799920105942196126 547155403545 989637208413374367
266133056539942659 302353907230 974126451205480411
241803980656708233 900919140416 356319150302823367
632973308535501049 13149543350 899745019132019353
14694650020637682 472004414247 598314628643319565
10637313793737119 216321176895 825089370153851807
132420336989480985 942121280001 738260399128022881
211656270147381761 76735611631 837216652986845791
293617986151054497 590327544811 254109579013024031
571413086113244337 238207165193 17949294881375030
176384087508179294 715717407451 676914157891232662
988613743609870144 670519554081 908596205813918521
517178783291601138 557581943743 256332470440128922
