56
551854276365982965 438192196937 357665847189606533
408948208051156017 35688446360 199400501611831085
216406818064769767 195383316481 722866014092015821
82748810852954785 310353705710 54525125329420975
677541546421341441 357623702799 163844880493454261
757946865939330449 941393586371 891207583295351049
709150906700694753 541671435081 623622559510463029
951220355891109301 983997566901 194054965539825010
61832414349049301 740235449077 266647934469055647
733849635668899649 832441854573 618803546408932081
514389544885720146 196653665073 190868253674823109
4685011112542081 943278254793 535277049573621999
259792224677229290 209223213741 879498604271456001
473049872387334881 916300006726 965547156194373769
488048739257082231 828353184851 629112608535114631
877383646536433799 548722692317 846877348056685571
464781799459897200 739793603201 306902965194067597
233955971478133629 190409921044 997606484427327885
227191537603210889 902852619636 272777138285808116
215948569099175369 819513012621 48370486278220888
335905428708694895 993655357089 237298999312452769
91363839499736466 717121018733 505494627857763791
733064396547701187 179625345451 605769136293911777
507814493457145429 910686435238 775330445609514713
759621176237885761 618511134916 269512284669020911
302199953828127841 642036383973 702207558024880441
371435334257036261 276749055046 652662234426420002
277422638072355331 886406232181 192857956041469099
935018873033958042 720709147563 216834605364080322
467505307326382241 869695204313 373479900414587281
599712869629017022 787810499411 402815980581097501
12184427148566203 493246756251 322660688876889601
769093726231646509 539636158241 52445635454288301
750041994283078067 710651879921 674063615961768401
842487111203784634 635264177401 805276124709240635
61793596972323889 336985998813 61192410105074581
187552616355315193 338441882585 878014504465998091
7103558892912125 668504347229 691356644556488351
797845463846089681 635017520363 405647397230557204
56907113428914487 921244493559 85108294786867347
178850057913911593 122738738928 567930950084716593
606408558936829009 310899420601 250084403483761689
855495474850175377 926339880936 547742029811254362
548412122537343333 896879188953 12113397945105427
289341223974624237 442600267601 165467031126657615
210791660688099153 390884185321 36057502170634210
882387970611759115 457331434177 611554413775418677
358182013173792296 573937897745 245796507431076861
48211420065253699 80718913022 898360047333449240
146022596345742917 723583478516 172775361387309032
910582964234359610 894201118454 746338599750027681
381544785130921878 835860873706 396840536702420602
644032106911809755 237101834312 131095803446236833
365221411195624705 103881288511 833555221297141397
43239697022145029 247368303748 250524896718168602
119697819123320761 394193306417 380030993661697021
