300
637253915390750521 302824356818 584679990391269967
51079306793291607 664583423125 692480357303265683
307176441438543001 759277889671 896264113574967066
763191761517624687 236852158751 333325324195404451
712233689417183433 979853482861 686271251328373359
806892980532402435 655482351736 401324803248155677
89991444149857311 690892772434 267527958740427845
817209248089517910 528594697451 55998750845256021
80114831377535953 922021135396 513316798839309951
69988334067956077 386741093441 104187469555130042
615045054795142373 797504527592 649104766894960043
964689383598380797 388799220537 455533734814687201
673827766351458493 570715864833 126263901230610501
399639858628194489 855828776501 494171536181705751
274260931236179637 152895090651 956172423853107921
25951100418877697 68062363485 673644487734106427
308981380030092331 783536525981 115489937712112161
51670746844374840 879140639745 978863743299180945
81253639208428521 54416724389 628559420958400841
624716063116508229 235431085831 821749219174929121
313787415945696101 960390140141 680800314417080799
589869612854244785 801509244567 370692888693857466
562633787070188154 152367972293 157772982446280458
757965628785743061 821995547169 108341354423524273
380770072424066233 863841155217 245458392873722617
368174074857094713 16643025621 251551044172200987
641537452425774972 76856396261 869565010450772601
835165712935025025 954183230307 115813809511995755
881471770895372913 335062054917 948150795809149342
582099288387250186 398925754311 220349652890002111
762964071143232911 862322700643 278736340757655967
871277370393873791 682145243316 209816041208416611
839294904312009101 820566271241 816522448943416911
886153474022083371 736770379091 781592849492043876
619745956426666881 174783034001 124658081966113740
750644520457361936 86289232335 552091363589919251
990588373553464021 13092280080 900212648881777101
173560448397549545 854558011081 96674469758100353
591644722755091995 161520576846 350889960087358353
69150161592439273 335406317569 97439231277473551
644556045017897073 819967302081 746107070047924001
267844668336750074 117734362987 815875678568500241
582523547811033591 890183618304 986739087410909931
789834837885479047 852434035691 811262292579587201
749995143173425857 120068192202 953247274789674550
733382203722169729 162102244843 920330320533146877
214927813645458763 179677259001 220425090000326011
134892863250767506 703780823451 933395866355882191
556604334237121469 8523159465 221890978308173701
198523363709526837 568188153878 89385639637977376
990462205463021641 988074808673 70707244695990071
892627636170048157 384094177188 747558531374648316
325415554754313121 719395285811 145209620054615653
350511196500476130 282162926561 50988399330355729
613440285266624041 95010817801 457890920736317573
262511385020659927 222220893477 18074536671641477
35616854165781901 52575091591 873555672465957941
444774155365357630 493549054538 43126394630578165
79656011421016385 355439044127 400543708405602049
587852630243134126 794479426421 891088738665787109
953721452750470328 225000876636 328273176139310204
680805410658211009 490811122305 486292784075042281
628149782114274505 541495846411 118474398768525029
988813165923803143 627532037411 883635040048309160
363931017098332681 578028311991 351363251337866171
851730117630650826 144448794431 702494858085537007
754552196224249019 935360606951 981937800852927447
963026178143396418 608695275216 716820908494345878
889852545096257717 603104121909 295957592770647891
448955007325244598 470951190217 385720442415912169
730486512243521905 736979555011 684103378892417276
228884457336511237 660287596658 837438470451416608
142334516905705341 315160122977 773447876326621917
116739952948780128 83709231516 540878690730027557
469070600129152926 458326756163 487963092833412063
362687088906568283 70944169104 279505997243194181
217576399845608751 695548991609 30852856105851970
150312034221384514 726410097329 157872434549956277
228450610826323467 967729392151 313928323228485936
935387412185266609 741158497801 755603689914860561
865662064609463251 35208230707 49824735918679501
165505603934890306 181485610585 349502832733307715
344294315690080465 594953155599 964700813181249761
377061086385752713 569168753 484601990161450364
930317877746590716 860700370685 725875490927605304
506242292553067368 530996951722 46003501860347326
364191509721389666 912386116413 562386144660226797
496907229415982344 760948254391 273546177881121875
855178958597520725 61405549772 308575172554392347
81617072567474937 539831538401 66016550941691901
437547454947258103 655102498273 548501103712563725
121868534280564705 739401840579 938897730734546983
497350701666205881 282104457057 261948152975832317
776221680449617126 882066072145 15217098871152189
222387379833359753 309259228753 236424433603979849
163974696513687732 785098635982 845462864286647851
300383484756989494 453371057656 925035552170410332
313519744453925957 473186764113 563745054830139649
50732352073291514 907570873271 802861428380716719
235340669048867571 299381164281 288434555651274130
501655496085550102 607385730931 357381623045664657
118232092018646081 480316800931 317102766357090950
125497242343963503 382901563896 104236356395366717
131946456418988126 593866907261 66716799081253211
262970543841860033 122435983593 45359964618721741
283057973018127085 301463659666 56577797936345801
665627791955182661 944741441401 715856916907877647
921882672144502922 348873878332 634675039410823117
737886078336686357 646522425848 408445856526834836
960509403390152801 921861735026 517580098296778716
925581391731173811 765062376281 85606467843548931
183063210477272476 411046400051 538858002598375065
982155451713094221 598538295808 299342049206243327
631186290135662913 990941944663 192090015888531851
910165490305614343 868202970561 923858749361296236
801492802695233417 72771401453 907843252751008025
136762355244922569 496747535181 45703301141412941
58734526623252741 181561626801 674096577347815402
47302126108346901 801061246779 866628239641166857
582656512466738818 834786933041 20331491912009703
988829219326844029 12479646445 709495044258911277
538048093702419001 289749244481 269773573180172785
909350021427466391 48868501951 284360830216513198
606272481066099291 125347801672 757992159242620591
459878549850680481 160505362451 830709783779054275
528486344663081482 996549777033 190106969161180921
234195650819871133 129699422073 408431513865290046
953459563386836025 290087243041 863508365073913025
627111372687686161 373691693846 971720755803176066
616043488256025761 196211233345 573065569626515988
924943361241291741 588262121285 360681093994900721
30108481460041299 308209819321 235197318358872966
653034529218940389 453547291797 789643473514559653
894650834866255737 246825568611 534625176089186870
857785857607787916 566111822530 404107791958323297
608202818890622215 311112130004 261809145749329526
71574484632690785 113956062375 394425612699166641
997366530824207419 514515188101 180436541689581169
992570027860298881 738449954983 196123935624423212
264700065626218615 168944480531 375227109074545757
59480927836451537 879615786713 401703523492807961
703917981077315361 403608846067 664036092011865001
200981299129252617 187461640054 819639262302934977
591696339529777264 490587828237 940995873015826901
337852314165429073 296564803204 82457777158933399
161312699126036151 939648312961 535488495272914901
881542352263101491 452973569481 320560925759451593
700979767898331117 796094726542 44402251598856677
541612365499770606 127384793927 454629883181441310
493184339809745299 936533978449 900273999902373925
554789650852150784 63166173221 184543651756319317
62685062411003946 964361219979 971799889404902438
513985169189267686 566692616329 823535083482830901
296300505483940408 258335566689 182900765350171830
115628425593302816 605028435490 986840212284398316
834155467340689051 675469738814 773284885598461536
81327467552055167 659973446569 325614347619218009
551339136244605883 659260930625 123713184747449719
963099487026271959 529331669499 52070049017302771
682803083846980662 611582387447 776957072544254141
57929101722898368 55481041817 744566257262194086
738412573362891001 613769582596 317539046591753897
221611982131743016 837319736537 550557341924458275
584354494399663167 629491368784 429764492934557319
555045382572144157 861886297626 273600405249700986
999005025243140699 196600923471 223125510311356599
580016660761914512 616125769709 893245603967996561
495591720131699566 783815689895 889496934431434518
326814579150499331 162621768890 779360900224520816
745361679007564636 668656651625 268577081127063681
912475703588217151 195379814691 63537040345914221
41032143813014288 678585738569 151598845615256161
493524027359625885 110150354182 617773082873939581
665169149883125393 383370561576 555766024786556689
67481318292600713 951437984145 972573660532534753
724199819700851561 911826472074 209023811341744781
982123259190037951 878635481446 392693966627372573
791189655748529005 720975592592 918612876483953751
825781655717946939 909421905217 608858603932688597
616485408001242241 722345120929 588399884831001621
882339558842682461 271468633096 489337722640772925
406568312142545562 387163345585 49326914431103278
666811414634744301 809321312945 296767812252677433
67729037699139697 744904801641 123871876483822391
378641062607396926 881792918713 558396667157534557
40264487921130878 604323402969 444583312805278074
610873876584405121 26327764329 91198293761320468
472273094284319343 668319555073 346905884837129857
532478400507342065 51604168514 979316994662536311
721972604861334717 536382387995 793476808034398401
702435729076323731 975874009939 253351502312600579
435571192467954579 298486467362 597880832033386001
336681154846812691 78594860651 352150750284237886
446366951844429283 341412028679 27517789773526777
197177016281994133 5389469413 520444768739116973
607663096089162821 529982113307 12540273160888226
298933454056395324 381992708913 988830866914415041
972715694141134369 711328739791 291893026452440892
728099058361180411 288091340097 636170596891660635
12604039026966897 903885743676 716657337845334688
187913724302263647 988468131311 75099788506651289
501080013376284889 532549397663 223748844829025173
192162085975122001 954285532016 485382916324627891
587606204719439869 65622495162 87786507230983441
226201979957738851 39087652541 58414747790969337
431476774406768490 60714050053 679485142590239265
812237685605058651 418112404841 160045927800607667
851282869455078442 269987337555 392466030586003833
869516206741191956 408085160386 632810326198897229
17915889078013672 61282599563 80915623769339415
419961339952785089 509895958381 789284285565201411
728659995779286079 107557140273 200429628643788767
28046780444452279 676664693351 86974476088434689
430422955300410295 503296135417 8903201815643495
634597680804328345 905266765923 465019734218225740
559871311548470801 149542602355 46969653651875131
499993944257362232 406986540986 192553985843067949
187950530622590706 458999857423 629918249724272613
498373265790128301 483084203526 712205418071602241
730025954670893 225089256891 239714656050384029
354052784230269201 743192237997 906440454473737596
796187778215262208 349533865107 813497693656809377
664291556096813873 294551670918 558701651027429048
761397729834543343 859652195250 45710389440046413
614308534755490081 713920256731 880671663998800557
411534203528844237 742634503091 163146360809568995
188359923175624178 385574219981 677844392908852566
712931472606970041 28193203836 354405221586704149
10513281412592045 844154207533 16967229798961849
511025432524657873 164777596106 701309350798526431
50215357792511592 43955627776 78753562740033066
344446552117166976 703032546267 794127053312431755
309598955406464723 758044316201 77610835366787663
342956724050458111 677479602314 856697885463710293
38862390046884531 907163477646 518283603614383125
352208032548587193 549283440251 185908708249234653
976496342343392516 585581735201 959931227387045793
412847823734971049 168898197917 334430324704989611
981739765480563931 645172429528 942252864312146724
563402305043252339 54177364885 874506147158432657
702053824382805597 288112463099 417816863886897525
832627920564464673 854140435211 784292222818276068
748757013555597505 839531906329 505020752603993873
370968880428827277 602629247793 260768808335123863
280268355542762103 126339477353 406169505393260625
316323151955808257 421276580305 683616211223846421
88171723814044860 427520346647 143994509694201305
307502699028482201 887757692241 810028000561952561
771799011504131545 115410867628 476268304507523861
620017724459860059 308217895848 949828268809502913
631251884583742093 878910133136 550245605336750179
594436240651430049 430206517671 519453605785911245
85023135815873316 145158807185 262284157395170416
172214155719107469 311012283947 567168216521154378
300678184532821329 711371843521 228563837000057087
906655799457627889 824698110217 96576659885396207
544252220194770552 6916577600 669595124037858281
811840182270442346 91448659681 170555129384488967
414009163299645435 645542204865 367246341027400553
76704520854009225 98444622175 478666517415163969
41871155274072411 670789995954 206264617298288467
637145646282496810 476192712097 841327586038601589
551477282737975005 152905744487 752164151084004219
583345636816143151 304862340209 430598627990391661
984647359307876951 310653302709 322726484859771381
870609585082901392 572482957987 666001232177172161
902636345496380679 926799267201 267783861261946492
69777775771357531 502804688801 379137729265691246
644930563649799471 521641538412 842277543492165723
907770173533307235 426437387535 309542861716161421
488342063018401431 962854003385 878489467721307617
696965611684306400 50672897875 959291716118704541
833187837145261201 178942836645 649702226898401614
354060561336738283 564696801777 337896285680646805
533349278924216683 632576180654 198372746534406571
99761562787717879 587526187826 740832597514970961
591136042009501949 478063571237 131779753229506227
450232477143617200 498848468411 803333696821018656
271708394556864357 591421453526 14573739437876071
963548033896859206 161877842013 73604348653653871
285983809879316169 790303247686 429578287988478125
848679776597835440 300660868001 89116956152742537
617722641863540196 337078206393 469428691496565693
743192773776417487 822869361631 204134923998663665
160694160750652275 471054336031 279081419790690352
272840098238020891 461645171401 149838313067607805
100879748506432661 593679102911 391285028222797795
925446840784172645 959104046395 543706523998451506
645250357563667301 759636331201 730073623266376115
9396526819907369 628032205857 574845005967032233
106783009581100165 472169547509 800508970918136701
541001633438866001 146825979121 516280227867325153
1692919128314681 468335859279 143376789742616131
920709602172761185 536252729961 650854565735640193
846432338062508137 985651992985 788680815416499149
246937626408566139 871600079192 901414116552867325
994349411406968081 792709095676 990970376356331507
250784084895436665 592679824968 83721533366778916
771875299134378451 141134852641 892574876590352971
348195296996992409 830870203281 33104423764122557
