83
25869466 21736050 13339901
36589956 29902379 22186724
14696318 38665 18136951
15171825 12538465 15675121
63365875 12155845 12384145
5118487 29397996 26827861
59175205 66789774 51434838
9431911 584497 7078176
10069281 14240209 24657404
53755255 35469721 42866908
24474850 32568911 7133212
12940588 62453333 36700041
1607131 20958107 22933909
2475001 106273 37223656
63992601 26272555 17301211
20966881 10778701 1841257
846357 5837884 11021791
14758451 35645887 17918209
36352051 5579617 5884597
26463816 30039373 45592821
38228863 6400173 72714764
19373176 40577029 23181108
17508501 4207605 47731769
40392227 14465763 44666015
5215849 72230997 39361755
2910595 14385683 10141473
32715241 58574686 21829688
33391811 46437353 19320523
55364581 5362078 10526161
506701 63630301 33871341
63032089 16555881 6103126
67667293 10353750 49129729
13573405 40458375 42002401
19452216 1301045 77603064
9550465 16929507 3097641
7939205 52614328 22201255
59920529 47407004 327790
4524271 45582953 3942843
8942545 36586705 13745351
5150515 3455626 8048968
41188369 4565793 10902580
32853601 22631343 42523118
2822661 26854021 24703053
17006006 18843661 32765401
29214837 49755625 249160
19100989 27625079 27538776
799795 74640421 53850315
3090833 4556016 224693
25473625 4362121 6686261
11526026 43599790 34934182
25512925 51871384 1726465
20230251 51103573 3522421
32912143 50121091 503791
7070288 44084481 52691221
56379415 72529906 8540086
234641 40183075 2410561
11834707 27760641 2709355
39849735 48488005 159261
37061 4604776 22157728
2389339 18803933 65368455
12589345 4967212 46057453
9519885 46916225 27671491
68411521 50003571 26886827
3972943 1861011 6026277
15157166 33036904 32683001
58698583 13724461 6293146
12448 40143601 7290366
15947281 5966401 6335627
2007721 35045921 42471433
29567934 18997573 28569529
1462488 29562579 22332782
41346364 45764356 3126541
1908757 1124209 34393915
21223651 29196514 6346241
15921751 46509841 61125606
20459170 26057145 10494025
24780955 54742381 12423776
66396955 13083961 13984933
25619143 6134556 40555864
4489701 22747706 46510046
65914369 906883 28208881
12637383 16901883 23185009
65197567 43503713 95144571
