100
637253915390750521 302824356818 584679990391269967
51079306793291607 664583423125 692480357303265683
307176441438543001 759277889671 896264113574967066
763191761517624687 236852158751 333325324195404451
712233689417183433 979853482861 686271251328373359
806892980532402435 655482351736 401324803248155677
89991444149857311 690892772434 267527958740427845
817209248089517910 528594697451 55998750845256021
80114831377535953 922021135396 513316798839309951
69988334067956077 386741093441 104187469555130042
615045054795142373 797504527592 649104766894960043
964689383598380797 388799220537 455533734814687201
673827766351458493 570715864833 126263901230610501
399639858628194489 855828776501 494171536181705751
274260931236179637 152895090651 956172423853107921
25951100418877697 68062363485 673644487734106427
308981380030092331 783536525981 115489937712112161
51670746844374840 879140639745 978863743299180945
81253639208428521 54416724389 628559420958400841
624716063116508229 235431085831 821749219174929121
313787415945696101 960390140141 680800314417080799
589869612854244785 801509244567 370692888693857466
562633787070188154 152367972293 157772982446280458
757965628785743061 821995547169 108341354423524273
380770072424066233 863841155217 245458392873722617
368174074857094713 16643025621 251551044172200987
641537452425774972 76856396261 869565010450772601
835165712935025025 954183230307 115813809511995755
881471770895372913 335062054917 948150795809149342
582099288387250186 398925754311 220349652890002111
762964071143232911 862322700643 278736340757655967
871277370393873791 682145243316 209816041208416611
839294904312009101 820566271241 816522448943416911
886153474022083371 736770379091 781592849492043876
619745956426666881 174783034001 124658081966113740
750644520457361936 86289232335 552091363589919251
990588373553464021 13092280080 900212648881777101
173560448397549545 854558011081 96674469758100353
591644722755091995 161520576846 350889960087358353
69150161592439273 335406317569 97439231277473551
644556045017897073 819967302081 746107070047924001
267844668336750074 117734362987 815875678568500241
582523547811033591 890183618304 986739087410909931
789834837885479047 852434035691 811262292579587201
749995143173425857 120068192202 953247274789674550
733382203722169729 162102244843 920330320533146877
214927813645458763 179677259001 220425090000326011
134892863250767506 703780823451 933395866355882191
556604334237121469 8523159465 221890978308173701
198523363709526837 568188153878 89385639637977376
990462205463021641 988074808673 70707244695990071
892627636170048157 384094177188 747558531374648316
325415554754313121 719395285811 145209620054615653
350511196500476130 282162926561 50988399330355729
613440285266624041 95010817801 457890920736317573
262511385020659927 222220893477 18074536671641477
35616854165781901 52575091591 873555672465957941
444774155365357630 493549054538 43126394630578165
79656011421016385 355439044127 400543708405602049
587852630243134126 794479426421 891088738665787109
953721452750470328 225000876636 328273176139310204
680805410658211009 490811122305 486292784075042281
628149782114274505 541495846411 118474398768525029
988813165923803143 627532037411 883635040048309160
363931017098332681 578028311991 351363251337866171
851730117630650826 144448794431 702494858085537007
754552196224249019 935360606951 981937800852927447
963026178143396418 608695275216 716820908494345878
889852545096257717 603104121909 295957592770647891
448955007325244598 470951190217 385720442415912169
730486512243521905 736979555011 684103378892417276
228884457336511237 660287596658 837438470451416608
142334516905705341 315160122977 773447876326621917
116739952948780128 83709231516 540878690730027557
469070600129152926 458326756163 487963092833412063
362687088906568283 70944169104 279505997243194181
217576399845608751 695548991609 30852856105851970
150312034221384514 726410097329 157872434549956277
228450610826323467 967729392151 313928323228485936
935387412185266609 741158497801 755603689914860561
865662064609463251 35208230707 49824735918679501
165505603934890306 181485610585 349502832733307715
344294315690080465 594953155599 964700813181249761
377061086385752713 569168753 484601990161450364
930317877746590716 860700370685 725875490927605304
506242292553067368 530996951722 46003501860347326
364191509721389666 912386116413 562386144660226797
496907229415982344 760948254391 273546177881121875
855178958597520725 61405549772 308575172554392347
81617072567474937 539831538401 66016550941691901
437547454947258103 655102498273 548501103712563725
121868534280564705 739401840579 938897730734546983
497350701666205881 282104457057 261948152975832317
776221680449617126 882066072145 15217098871152189
222387379833359753 309259228753 236424433603979849
163974696513687732 785098635982 845462864286647851
300383484756989494 453371057656 925035552170410332
313519744453925957 473186764113 563745054830139649
50732352073291514 907570873271 802861428380716719
235340669048867571 299381164281 288434555651274130
