83
259337 217702 133813
366490 299489 222181
147731 646 181832
151891 125737 156941
634921 122146 124189
51562 294688 268738
592951 669241 514837
94541 5963 71065
101353 142826 246849
538657 354745 429409
245153 325997 71821
129781 625137 367623
16087 210138 230101
24751 1123 373049
640701 263485 173356
209815 107971 18577
8542 58520 110449
147660 356833 179986
363716 55987 59014
265441 300554 456249
382773 64439 728526
194272 406407 232461
175571 42589 477841
404923 145565 447441
52289 722998 393976
29319 144129 101926
327546 586177 218786
334162 465301 193881
554527 53817 105409
5086 636849 339451
631125 165875 61289
678079 103848 491695
136336 404881 420541
194881 13131 776366
95893 170101 31081
80012 526641 222751
599665 474376 3648
45594 456301 39689
89776 366301 137944
52021 34750 80641
412417 45841 109225
328849 227053 425755
28249 269121 247505
170551 189011 327655
292582 497841 2545
191489 276761 275679
8893 747070 538888
31032 45761 2281
255025 43929 67391
115744 436580 350074
255817 519905 17557
202351 511561 35245
330097 501265 5041
71270 441441 527713
564961 725836 85901
2349 402676 24394
118557 278017 27269
399609 485905 1595
928 46369 222156
24103 188341 654589
126361 49951 461729
95401 470306 277297
684801 500907 269193
40001 18751 60490
152118 330601 326901
588290 137314 63316
140 402245 73301
159598 59665 63801
20125 350611 425167
295925 190281 286161
15321 296259 223448
414489 458209 31459
19297 11482 344183
212416 292161 63517
159901 465193 611887
204981 260833 105471
248010 548236 124657
664347 130969 140525
257013 61577 405841
45409 228073 466126
660007 9136 282577
126501 169918 232124
653186 435226 951545
