294
829528676171406625 556536055989 316336055842756711
105039558744903964 511892529615 232054819778738370
240559821498784525 391329799030 59848444596653281
832327981601613764 156565278167 796073706052905819
849765280077433661 366547685541 242317923704331374
14046307606676398 962578621601 38880601358950821
198867430951192792 986237448945 728363117230763640
36851459542552433 403411691 230047412000966775
871584292759835707 691594274902 554936577627400087
40042120643028510 553599661154 587102819026429602
481042838029802439 946142739581 336533768165222479
805907305016740761 964209007076 391588779635140261
194474594228111153 786567248993 477929482347394585
880843334797166741 389728467571 581224638022025422
596376303573703819 950521793492 335845571695095361
221817106095500676 54652543071 163860884085269273
205747174950330457 379498189831 951969659694866447
694131057456806649 376385061306 883254390049786789
345560222260914296 25117521921 66083416307741769
287399023856342344 479061923492 695184397341315942
380611566597465200 802696684753 836752895712836801
820157832692886777 197643242741 992281724562108481
609705859028808497 424694935829 600989384761876323
155433246047552241 326766885889 106716757991850631
486770380024239401 119045706461 412089370581313282
913838755865410486 187278043481 4733971929426639
274986231405077629 212279229523 206241924746694013
894550510674284861 865900477066 162829534263225191
471801665150913926 80812136693 26304734050817163
588305689420580011 142387056904 43347265863828683
293364190485155176 645203175121 944892149236104649
109796048613076198 289634736929 971915247876353913
211349627206413157 701629772390 672009231877230675
211274701956296217 607191631329 77686126549167401
874235132512722725 955854869461 292539468824049590
465966303210524663 238694633761 116898421902678569
807517653907736518 442825031797 24766188484022166
527549406273137556 130475493737 657334065495471065
896613782793319616 285499141849 89202385123262649
52436825902604441 889294016037 180562145235617072
279217848038076581 744720617179 872674797353898667
936179447847622681 940325286928 111073728125237229
163463384049859569 500886181504 908595969853344688
724291022205907370 691791220301 690832934324956877
447167031517879901 528714459114 494014412677649211
662257996241332353 830277608182 104263215471193609
382368359643587097 249454338999 143130871222420933
344703673228340894 915831410235 179680225497797793
562132165276747225 198303920737 823780026253962879
664732555888892705 720493706513 395520742455775106
575343081633042316 50884903139 530893619078948900
162002912561361101 37478555405 960768770917706641
809992874305597073 353223669857 250794700187701606
293753183374652561 190774831001 930680819235277016
744942294737607001 528923574733 12841095545731696
730325182898265857 738755716999 556922408353829379
767508822508173436 316780702581 303689006641839069
849311078725722949 66502094836 454547009292012753
343879056858412875 943331504209 924932845151392065
537671121378994753 228194697883 31559050604986916
177495110922454179 998131972857 765448734916334729
376481891270852429 224606138701 760083733534771771
499761949981831041 502016137719 317677536604157081
752377352370594776 349042197897 353070599629297276
301834588853354656 254467231181 503267381609126769
389344841763106383 323530890965 999503136748646217
318893382098028381 232018746616 712270822356339581
143832995047702209 438575138445 308041622023428951
83867039429308729 604650328705 500942449790728901
305366161731758651 128214027073 437524977159395929
633116017105843101 9238827296 431139186009775089
210146392818747745 393699010466 791561403014583497
702583045874011486 938604626836 51802541603716492
419243315181559184 735051662037 509484519520872633
711058442631440166 973877290418 157665605429910711
630263304267841801 636736468331 67430424386469065
33156905388446785 18292341921 721895219986796328
619270775259376292 835717920821 927789229713804061
446866561077920595 318438396353 161774336475740185
733801223176154126 619355631225 871352900698769674
433730636191028863 589172825801 686743221491056327
423719005947731061 466488521240 389189572235977831
930460876032885809 380030364576 904420931781522806
425132920773153909 748675996951 998376030840365206
218524244369298997 378875949084 574143655622995431
924580990310433251 984699963821 635249971627041604
719024943144306841 226825876266 226193776754381929
613534116921786811 373721224221 775121257655390021
206217838955949385 614076400212 88990407171073586
615428793468007549 394691495676 379599337425747269
583134124438191573 424372602915 186906583387780177
75781672686944650 973016730572 183164849568083607
385169408840711083 924213404961 359735182545546357
319609476939532001 11667092405 141941639178549669
478200093894522679 912978528629 996952982450175349
820207986328076991 394820645747 816532614079901697
914320026947099499 14995200683 413802066713757957
732475100979224281 597613143346 547545578906872836
510112437075050185 497637867751 915576235133762102
904590113480817730 75272164152 206900958849419206
625957736406475905 65070981064 66589353446408881
52951979957701806 316130812499 81404318299140518
199976255117085876 175240849641 847730159418964845
767168983133096589 128282940141 832173070720718803
109432884837001433 876625033201 891201249656299391
861579407167966051 665603666841 371972992135317404
272721886412612647 747317879841 117819739806074667
499870928348404576 90906084892 586731975969313006
122994394661104501 809505220401 804325148260256433
749665898907305689 859689525564 776411144651533265
682562640268305293 359520308633 27155392139795801
225159310560958501 425133184341 348518021577688988
117367502877251721 865669304918 10284166207310281
856191952455903001 743413844289 816026292342982116
716468493945246338 973474825650 865243793297101040
630695231219501517 760350197389 991414801770378669
82698416926140391 925959664827 571102014082700596
517569189494301576 308767665646 217994710114726549
245262302011618227 449866973209 569631052635174600
665610504972902201 472870266269 527640015516363461
240232843098433965 171835530376 564117310619891381
486442044092416971 852216301569 123953404808411537
556910786182225181 362182132901 930106466022711116
615409431440004901 839052300293 200620719590800681
101818740561234601 197681360286 366370920315719766
699717784044215891 394318725049 380457664696156476
370310903259458985 91897261065 429420339616718113
570968347053493305 80798893109 527554917973888716
789929060128666543 168768512901 628668920663338087
596195938090737779 297359755156 385704579040808426
834012548354991073 667851106207 665650691446852411
899903045087344787 641490476893 210674346274991077
546059887386138862 619385798887 8617153392442685
53339046721221801 299891434231 839390969844201392
102806688760215548 368169329239 968411228027245609
160824901404781071 648009683845 393938561266061981
958259219713139121 375079860250 434164576802403143
423596844801739317 495917546753 238941899743798293
318180523750991209 299365009333 118685930352121759
310048824996231169 87249078932 494203975259084299
217347648722316323 196046150101 522008443920289529
895544733156177165 503854914297 185660020940453319
561380353076601466 511954280271 711928420049856754
292687045606155345 611897716293 564759106285862401
641031709496735557 184302211489 527837817268150489
89814374148774895 35369473953 658466335445381419
755174393057054920 15364976405 873825481055274961
899216194470601761 678074395083 671903206668415697
199903129887381225 69311174572 577983519945032309
752477154510243298 777618297753 700593477841452887
830033863213585069 182053822549 147883615464851321
683432072037595153 990495671306 416577817771375741
454303874046855353 121590215379 5528884401575521
385224433994497454 468239411137 12140316727370277
992193022885975341 160017218884 251462309328610393
768127879915766664 451972523273 189245703579223677
301618737630661589 317298665609 858530048274037839
858250997966929846 328010308389 671392823430220561
307829734408492401 713310219277 982193783986294529
302804327943592001 283308550433 588414487292983613
464305231488085925 105084980509 407809126713219401
94926962978837825 881863157049 174114891025754673
882598001559218881 720945924656 844894783517821395
336453644852900211 76315751231 455795898350014232
994256148050412965 122635613291 540744431945762777
871618255346806036 9336457921 424865729975570457
218239940290294391 970944927313 854702586559873157
45987866881797829 423110550737 339465317262429799
373395331364113726 911835702981 29619530446922366
193198552169671877 948542456859 272947292017464187
148971333515778622 193329685111 944742069163614666
144184637327043057 984440641056 595427542893929751
110707143238676749 546981458091 157201010261000699
291098782234619146 443662324813 759358299071132805
108791722027396210 889968985101 997711150469736276
802477493477830957 162333507601 583409871245776556
124029478027700999 244590352847 676838123652388562
234410868468525733 629365195578 476603571611017951
586608667322296033 521835113034 812554957871604969
46621279693125090 840181122345 828442533578090657
390750850583891401 863536688801 303769580169710081
518599674232700791 180046811849 373594509765207025
227437450438473969 168764466989 485710852243186491
17790196240359831 80555252992 897553708203595873
259273773558140433 114376878269 5790789626354569
606142682201885687 758376059281 284168531125927883
52420855729468459 984384652268 86653204267611793
110536731664234492 922018460929 443842534040913061
665335002633284329 278752850561 727538379458060033
963029157658341269 379519493860 101524468835398705
194126407354052577 282869244081 803070285048671009
75833023827034507 432513081079 654611743057055058
90301419928291342 106576117703 281673524227981413
987971814094381525 603802880871 393429964750773926
411884694207348561 610100107053 285651872662325873
612423164955871251 740115806441 803799142197501406
191738603779958923 80737190148 212043602521146281
870087945462096146 255964877997 71445398090566269
915232024553280151 790266265166 2141777226805016
283003991847286399 134755403137 465967515187639431
49304460709860581 832166909345 179841109807387345
136797559185049919 979622114453 617959677475210425
199668916996193686 858602469991 373929985817420448
183229617552410315 245533118769 862900590719022435
38165815016334590 117808550913 720172394926713289
73226111453346057 728682057907 599636460202104520
711724841007679031 284627198277 287055233623994341
625463820117595983 142183794799 169573325017911765
841520133157173628 57797661938 192323193703383445
83560004911002356 239989322756 688089317522515713
607664885253140771 119705596845 677168927895067921
71191938594981256 676287458017 120121244796624645
458919710667278289 505287263926 275477893780292326
715991605372384601 639315704301 624012003140052285
686842897540161607 457002562889 112720177719111060
492351471523511639 444694100486 352888090530805966
45852276835661417 205645318001 830709291533694593
240501046813693101 696839680489 253125974557324041
203549649403014747 522444710841 40878232340940319
509397225306980829 659634257931 899630453228249587
860731258932557881 526767222311 425668817189442188
39800789949385447 149067063696 956759336121044827
107836145577328391 175169884813 64562143508011681
25161446720065496 148403991478 793403363944068359
628660758932108241 446235250001 364727558359093891
721118436633340541 482781257337 999935006492604910
771449253742005251 305963520425 738598047590857983
182856192476863921 908138580638 705184088092327465
339170068642616925 385973549313 671056062438409644
917476234638549132 500076861509 403489089180057935
123498061046006851 251293154686 759031515656353541
473418059527616990 347315835068 206953013672518566
845433428339521660 465770050825 809930905962427393
310648601895865601 786912048713 203879094648969707
42986025207489429 626192688651 543896659073000094
230086498287605440 470599407025 134136681398315107
716375834485955549 288680137545 351484144115179658
225181533781600641 748302818563 98298089381810864
485881820512138914 739843111359 466547471146592030
204654217249023441 782802755517 709029931394082971
984916953423716609 241311988781 471880311834689905
572656886460224095 759157307475 826866696272440993
620203881705898211 621602131439 987383432338216893
86170318582098681 3048593991 647312636226682415
566419813057677301 629453805301 410676019908810726
553625327829835081 544746094809 735293189026417415
358246116454156613 102327268225 670834932940175878
664573869258703413 542658785382 958112707711905751
571127172071866781 87034441349 284855667836477203
634267618413690881 770332344463 610868680283258071
943446590490596526 774723944769 383174788101198975
656357544381861174 99680912687 924532110482239011
157136873182295413 45766821761 860976353025453201
819814561259221809 656081255201 596107482191663781
188794024310258809 237652705179 700884137275621965
42620841408581495 859212185261 685248074554249485
340550989509744821 60248668601 55869921257885872
322377580851988737 79121415529 653219876583785684
673965316947199236 193236667643 531422860697470876
539910919394641368 410230743013 420233946785537730
120890795327396135 69075046608 656975789304564615
601834426201757486 301364467039 864734535670046241
590528089144575481 106164782251 371831364127507841
722156291559612725 345800925937 646001903299583221
351414384133557425 830876077484 370073756826562244
914262932364066953 764156209477 59576405251796749
96620013146139561 812301463613 814378119844870569
265956559182551512 109211090727 128240546674805553
514373623134788376 3736517917 795080750926231632
792524536910368187 235812056121 275733602353646523
24861205888195516 147163734785 364138978374973073
30084136709505065 637236144347 882445564718123936
200528153914582942 297767343777 386353264669837521
201509394714386123 646252211355 471888942434360213
422106576313479823 220126434336 399048528613718433
734420342659113351 939245418257 890600304911335325
832421047576759099 99205507850 584618493262326385
647228554208142754 457317436341 848688350368640993
832560813860289126 801280895836 633861886786563339
508751892402248053 294561945009 236436859690325713
846835024263619411 222812154406 382999647974526635
71417286843897453 713789202745 533543136009579668
33212889266414438 447525755553 608074768540362411
674769115919264302 951185239450 22564111920653270
46087205295828189 566472340351 723037398718961601
127627078455687426 902559989865 360063625165766556
306734743080406633 516472952801 266057524458500351
679611263367390941 842512797915 707745441300693074
95987498922200481 98266028361 147220801907413186
388996920978306571 667086894379 993771135823092860
727282627237734689 513495665681 23094345980574319
585319676914394471 699540939173 899481408102816890
678041490768198001 76809261001 967110093963247105
121117088398511219 142433227023 869383494734260896
