16
98449598064250539 510271937103 770217285227029537
846091080729561303 432005972138 611505407527483489
897413854090022466 138365369301 103802772655639233
799096442588984089 133789047304 983860834008481289
374230290100167201 328227810970 44265520059329701
199278144790077331 955538784667 487874332967617155
234870115446492812 774821487245 363784432476022216
850103590023877681 125638816478 8293946608178397
487998006101919290 596686371315 538956777660843205
981825819080099461 744201954738 893743622033676581
253559606822473636 166125123745 83846984554263095
859716510607200191 526494009324 697637467791218421
844770668999112015 520793178136 400721957753462161
311519458584146941 446717023146 444090704375301551
562605057339258816 373203366785 419613848740765251
664354397703332471 404971166552 860412151361486885
