42
39088 934 719559
74240 22042 147001
504505 265991 134249
107626 215405 355741
358986 6441 390277
60772 256023 382053
693805 623980 187061
455164 64450 252143
33201 71381 775071
66430 52741 46581
220009 643777 250669
98242 91641 137017
26286 7848 654641
84020 495090 618126
33153 23193 353131
260353 28519 427231
57037 10501 15721
147109 242327 194405
90259 325451 31591
23897 182701 564631
205011 660251 221611
30545 410577 27051
17611 749386 72101
62721 74659 799137
89475 150445 721545
429573 125977 605985
431185 112269 463189
206281 123547 486649
851131 323038 319873
8511 310379 7969
206125 29251 747651
689753 90441 385279
477715 907 443129
8861 305713 50032
477361 428140 254181
574913 251101 7489
65275 12284 550897
31156 133825 693220
193117 383787 174637
3461 64876 35601
125971 3133 10720
128297 155772 88684
