70
14548801 427751 6382648
51117133 4989895 26643835
7701643 19273541 14895577
49361481 16055733 12569261
14687801 16646629 29089501
24103249 282231 61505137
35433163 48363992 30573704
8540701 842119 36483820
9249004 3405778 84325789
45218377 10530069 11024857
32964174 11230671 2327425
63080915 10780561 30337881
51349647 37266714 1733447
50302095 6327537 5381713
942001 364345 23972761
33143833 33153901 4216745
21546343 445137 30478411
9388737 82754723 1421089
19568722 10761886 3273131
31107402 4903405 13298189
22402171 5022950 16394757
12519391 31175101 8690875
37826426 63388048 17176177
22374918 43824775 481474
65585171 5972033 8472641
23632027 3390869 1755047
50994382 9063361 6803053
17361682 46100869 11510977
50505879 1925761 23233555
21851017 31237857 10798462
32602303 24482509 4961880
77645569 70555238 120625
42482419 56412996 61603932
1405679 26023951 11664419
1526332 42344 8763371
17573467 16472735 1290950
30261553 30029077 30626196
4012869 25328551 34260040
31081976 21811545 17383597
23790861 705857 11091341
92107 23974816 13965799
90981861 50954905 54876515
489165 15096401 36114739
40279611 86297165 49721805
3716806 78618647 7219081
4119286 9998650 29078337
1666036 28008793 42789337
26164895 345108 34975459
53436097 69945877 41345106
18646 12581623 3677185
942881 42939457 53894881
19492057 28602793 12153601
27362959 1931599 3171562
54074687 88245601 19748561
24021383 14539609 21198439
33187656 1395982 82339366
16152049 52657777 21978955
303616 7761313 7983951
975241 64800541 6074771
48612318 54746665 2306303
47580191 13316941 16403713
29905729 1454161 5617753
57405921 69193201 21576441
13982131 3385383 25272095
58010879 9980947 17769181
19823714 2915871 9431482
2597131 46107685 44509647
3313549 51704017 66722393
19266745 20615869 75090089
16889921 65035937 5725008
