70
682208133713804996 735621404849 177198473505157209
428235389511496741 211950098238 914283300106339361
420344491896025741 943135954395 747141086972825201
104109426273223489 167729215224 317374890403656329
709336728450768703 794181714859 365005228330991246
445398665621604081 322178880386 344092605961950479
535671968399889541 929475073629 638893025865454312
574615445984950483 102314900726 728389903973107146
705825330634911465 728212287406 552757943422512711
340908711569917572 568227087809 32357597758126669
80347808235571417 10592791530 429136987468894657
635652846644559428 306171299309 594590701956450363
470798626088161121 229664775870 319476977474011561
278977516395031611 638573875316 992347939449640047
172608835746301761 549813772098 421204127990322597
112835874480970276 608983367833 776719198944420481
973319560475002921 146862170424 620804685592908753
731607851444264277 66033246790 261715902731869888
608388348877322081 316361348920 603445687650313261
737730277296081425 769449043846 452241971917639065
131259706923885504 440371875713 24163366556661462
308150413202532545 986030414845 602430059576379093
975907865452248073 768043291423 168363089346939522
126138192062964243 302294537218 88631622681594877
96962295378803739 251561822525 562359945895405571
358354453961399769 2729113437 323610479422293181
406395616876977565 769456133646 253826481304365721
201112145542676353 892948397982 122708468088773027
315107680463526389 881653372105 284665121288418153
29502088284171809 577557927071 991618485817113740
12361772243638251 289344904522 914977320489294561
321192822980525141 790969784034 22053063881931237
835493583869040829 534319007467 361651640647275221
258708269886065605 384693552911 151104334565654017
281167670503912451 220714707482 615312208573281618
241454142600915711 140414636109 237694930949459637
580587987936603983 238348433086 648934173422742317
739801544673022969 777160804323 319424870298059023
732898391045074145 310059767409 206301135062809411
387511420878729633 710677268028 44576800985699289
16774210841169475 677587199924 575298962823328826
781376349634466871 694368940474 121339511221452801
90051706510532499 844739044702 661272247867806148
428459549094965723 308246650295 171422852505620851
684541121350541548 999433679333 330766186345045819
759743278929528085 649491793279 363047866091913686
306808303650694957 553723818653 892085998016499269
826420706271498476 548738029293 451060212118856510
856438487148552580 166840992049 625180180487777405
3295708744705729 77306851021 678220654913481961
173805894499056895 556535666322 940449078148498822
594143068082925269 568738777635 241294784404888941
46536448189760644 267592206181 584730305146718325
973735541053847045 762426962710 642175895166434690
429509177482566425 771782236281 909318625663658411
121021563932658259 976969522288 186719917822626823
978209503241076381 653683165115 52741214560006206
55739690360895421 368397426154 472366311606398913
179591201136409933 947274332899 119608828338785824
966037806233141773 45860019183 425164720414835985
776759580047393195 197914804450 25415247054006937
515072076077054453 825019396576 36043549367041601
587744239318947513 163220085599 978534709332246801
578699131588275501 398753298377 660791501471907045
698637351935385337 842639193165 276496041475837185
655921862855140417 123144156470 739379534621453614
477514327328348817 486337604906 209841964935243041
610934856554294680 97705608065 306364170659712401
553429268895601456 170312329409 850512101511506208
114096748440524881 964727698145 55871437588470291
