44
413329 512601 4837
31776 106252 204186
129763 36001 433381
92341 434071 393727
565921 108596 256487
345577 270766 221187
19669 490821 14161
23297 11350 123553
23755 128483 295516
78625 202301 169729
317021 300630 74337
487517 256969 401765
104450 19561 575772
194021 255511 823146
110853 179489 339949
250849 275059 353971
67646 435456 262351
210013 700374 348284
29377 185257 6189
403705 914683 883667
81941 540856 423207
115312 224176 282535
314705 918073 35053
144041 286741 261591
683200 328203 222139
284089 10207 2281
22855 211630 57511
382465 195553 241333
227013 290278 379726
119949 38647 613964
630365 478873 40447
566721 95911 172861
470107 134578 392567
414514 77051 754852
58209 478602 316079
479145 198505 81550
818945 146521 277254
559063 529099 390601
158770 457393 33908
176457 263131 496097
175220 68389 278601
2344 234576 51505
33089 27529 631
168776 249921 49441
