64
22928203 35658141 64975285
23201296 26129953 35469201
48105883 10270736 7665420
8016821 18563011 22073958
52315176 32742717 9336601
8216303 10550887 3118501
16769913 13573 4398976
4138174 47125409 5131476
53119421 15961161 9345701
43713541 11926036 22025195
55746038 76284349 46573441
922846 1522472 23978081
907425 3920279 26022569
66421641 35469083 449021
25906553 18860581 11927383
16243381 30713089 9649143
7445026 2446097 41949217
29984481 15755145 192171
4510661 14007897 35832126
6934575 3189857 84041983
22736176 75422781 12095945
9454594 1125541 45054687
1033098 15642021 36966405
8800782 17646721 22059001
1508551 10170301 18747995
26539149 7548897 3296305
9256486 15015633 28576381
12009394 9081696 27521209
5651101 52564699 7799407
878941 12578685 29557347
14534965 19416421 31398601
37618945 5205026 9001191
18951457 10135495 14857545
71252424 25001406 29208486
17383591 6980884 47304503
376557 23307681 40958751
12651367 13374001 79207125
61692382 745009 18891835
81781786 250945 10460829
30196261 33794446 72791
34683244 23268577 70581985
6989672 9541801 12972557
23467201 5508298 11628313
71341609 14905759 27116401
4426393 23896035 7577616
8548411 34467382 4087777
38662982 15092641 4380745
17227750 13296501 13001986
14353237 6832547 72956217
12494337 22041001 25337701
35521457 3091401 61616991
35779145 51932017 23234901
44316361 3580849 72944730
64540688 5495302 17825969
13800511 70280934 19902408
4748355 69500761 43119423
18691601 15483587 30623286
19220572 53793349 50100121
5487973 47150839 17028329
55906837 36298795 37275561
80128689 7580598 51871515
52644318 1610965 2812996
28817677 50796460 65146721
12156825 63094285 6106291
