22
3460470 42232465 64605696
14955430 18619329 1155261
5718696 15401695 27259909
6272595 10307101 810379
82872802 4859009 17866889
5677673 8067511 1807783
63660337 23968396 8003808
2078281 3445561 23245782
33445897 3508909 5111761
1360193 4270061 11922054
18429501 59412424 10905974
10393297 9582728 2948529
87343732 51684652 11661461
32400673 1334076 7214878
6958407 1527229 689074
72326842 44959972 6667501
8169498 22514780 29920743
6535759 12371892 56996669
427391 44792049 52241441
17113681 59115406 62687746
46117303 13152595 19244745
5835565 11298337 13980988
