89
666583673847316451 70491326323 908210593681683957
541053024192494792 188166660377 206312014584570033
767802715899328185 774463765544 178842696628412090
338035034709225153 139871981712 394148468187756737
304487182166911221 213872583826 616586500596329185
653209620404437897 797633988140 801286974452939239
453570429082845171 405172856035 497404945279895247
469274863137596082 969415566091 487024251339201241
365169264122319204 475457235913 278202046793726355
824585867250960937 729220849400 315716524465558420
295127648972966698 304377814933 67529919235366336
20129309189088197 627045031026 230463219509376137
394934568348857917 290605288910 37146518561088961
873104626462293131 509600327468 330135025784334145
668193843444410609 757319579796 638441041822553384
597937101008958703 967399715713 866433416286780012
107412758498924721 366877871260 702886259819549353
246131298728258441 135839203351 575232924049868941
505556415287692614 708742084599 24496088125017931
96055873547536976 460901144433 38184858002431987
150816435673566928 877552743441 142343101497187075
38435625733658001 485321979478 948666398316913089
60902286754651431 104377860223 842082939453001044
221568181659992890 966657936455 242908978556880313
197335920146495297 293010402981 295795391521404439
78701730854422233 242829520866 988758797597349761
369067314093815519 292126155685 350789130637797516
348909413149161937 978622022976 122627275383626419
557749571909121561 407676472632 875561422052815121
189772619956153164 749849140109 554341434800531921
768808903442194515 418435937592 313123712414936375
512230005476607965 790741525727 553656118142282657
774560209056057977 399819677011 323606361723456069
666140797027351533 256955153016 793287819161554424
806418369304628200 452689822857 222586779177164541
350189056678655231 769099040381 714580930868537491
165830236905798960 939162343057 451939616085501377
908501726200398921 330331824524 386775926762227493
487345225945054317 360497033746 636246205196001125
211168396675842441 655196873734 657499751010443281
286880355593934030 986235225183 173807943375131407
403950033933292750 533991664775 695496691731506425
841465448900996210 484983640585 188371738910341521
465304827116638371 439557540440 81719270398671451
17100053895182541 171745734962 466555283261288122
731666002360126585 226109487581 682555409300943125
610828818836765289 120183984629 561721663511049727
594769601949703 346514577883 315271628983548639
94746783074168726 115388138767 41701720350847042
297714253218664336 387353796353 548133573613287601
849240789895725488 489059642065 662632743146803155
164220782920811556 168713087865 295336438620281741
12993868329246215 700529787584 232441564300642610
534742019649826550 902043596305 981985678393174568
423608872492408937 597108140996 657101267698421037
441907063035328966 174384036185 661155069144599032
116861422845978291 498232912202 886368401210102153
194110478817103211 856775492265 443409857334217621
148197695947739051 547962600720 247748880495666066
261339816993868405 470638525437 194216352016031721
608047302550487853 961499978459 856870539346480849
42033764619428171 503930166735 882853020008240799
124508432577381269 153984843754 179924212231364996
583619667650197631 455830939136 513442784151473147
306037066797949537 293647004096 248897090680863575
216275804140535137 489395643093 859873668436503522
831940473743370529 446238210342 920927517095333384
794265473949602025 633892137779 352627050312793029
888973077400846316 461916649613 132084713152042734
4973225053944817 887564864454 475380544881535346
900327269887658628 846386229141 766162419652398235
354053864909877735 461622537578 196816741698938217
20725833605845726 553125751791 196546401521932673
894211292605798950 314196793461 361089967935557895
157835037815752286 512455438597 14429946105958149
212722290914634021 593113973981 987134463164812205
584789444928751271 593077613105 267969350829662259
480411352146884913 407171771273 180103140046028801
930714268237713719 518747709970 29537299330639673
92455445342124201 166859450074 81017086919658621
493295223245325041 94292706443 509497448304409691
513233238013191945 728617029379 281033176930076463
554016959894737943 729534617116 341163921687977595
456343999190433875 646969583517 260058876599129677
729756259620634599 165226540184 477199534061571801
335168265491760831 294123339410 537862248739637785
653975517606455928 372208156561 563598706270910301
842009937286800187 260041523483 684496464185528309
285939683288563811 518804173194 183819279514683957
