32
34737 422845 647141
149865 186811 11809
57513 154317 273153
62833 103573 8488
829633 48808 179257
57595 81346 18121
637332 239947 80841
20839 34477 232561
335050 35425 51149
13804 42931 119359
184876 594433 109587
104193 96194 29586
875125 517571 116757
324206 13663 72451
69985 15481 7025
724088 450297 66929
82281 225455 300182
65689 124043 570844
4329 448336 522641
171343 591701 627817
461646 131887 193159
59203 113307 140500
49 49 21
37 31 9
13 71 15
33 46 71
37 31 11
13 51 46
50 25 71
11 61 33
28 31 15
64 46 7
