100
1162 1277 1981
47 94 1079
1576 721 482
218 369 621
883 841 729
1541 141 287
1585 1045 851
925 1079 379
519 93 466
295 820 962
1441 371 1081
433 487 321
1057 793 73
137 1261 501
1255 14 1841
55 49 1807
852 1036 1045
229 61 254
289 239 190
1216 1171 409
189 638 288
589 88 378
1251 667 115
1345 369 1201
941 89 1205
352 593 723
199 385 69
145 2026 900
241 369 1082
1717 1015 474
289 1599 463
973 370 223
1893 757 628
496 51 2255
1681 419 241
136 505 2025
316 2161 1451
71 616 826
1201 291 71
241 528 749
553 39 181
901 1887 944
1289 1171 225
94 127 151
1641 1261 397
61 1639 273
101 736 514
239 171 617
1013 7 121
1103 345 379
121 17 1067
1740 37 657
161 82 989
41 271 118
1863 757 417
253 417 341
647 91 2017
73 1259 2501
1979 271 562
112 1321 568
91 97 813
391 476 133
16 75 1851
166 393 1401
1453 61 541
1013 2113 9
727 1429 48
518 197 244
701 1565 134
122 73 141
951 621 1453
526 601 1682
477 1148 461
45 259 626
148 1597 50
43 1703 841
305 1519 49
937 1666 1549
925 73 553
783 257 847
301 189 551
201 73 560
1481 435 201
931 1716 161
113 417 37
463 481 2157
628 205 89
1393 37 277
1565 1306 1365
753 2163 51
100 501 436
576 673 93
4 1681 257
1863 246 526
1291 541 533
58 361 1296
1057 133 1849
441 209 513
561 261 144
365 301 1126
