19
647333648678069009 844422648792 497071612773040249
109566895757265681 853377821664 489163006051515521
405341845993129891 329733364050 760570533010665660
905886009693081231 666487872787 64185783294271704
31515196789374597 914572690266 946255401653898911
3605192889357141 521729510458 725553321705887758
690031490400905566 909930078609 107943522345771610
543810341639813569 540212302797 122943739682652721
544554574910931561 514625747035 487084821967743493
167671287551461697 458276640928 957590958928472540
686867541239333343 255243538280 110190742709901641
827923540352758929 585213028979 107210007786870415
280769341542176501 243609933269 526503111466555141
301202562482335735 220255501612 503061446864671916
726282738483327871 858751293323 406491316426449020
840520187470111071 342328318329 640300047770009085
372692166105574102 580254822467 508665747651848168
641858478322334701 809400447712 634113766830856401
432538791880899501 54065459386 117595601091254353
