64
229473 356972 650081
232681 261661 354693
482035 103407 76827
80511 186001 221383
523736 327715 93367
82249 106107 31201
167993 211 44085
41455 472227 51585
531876 159897 93907
437347 119529 220591
558293 763660 465837
9387 15345 240107
9339 39677 260761
664859 355117 4577
259777 188900 120046
162565 307451 96731
74949 24593 420025
300040 157723 2623
45313 140531 358924
69939 32228 841072
228061 754852 121511
94771 11269 450883
10405 156747 370261
88289 176801 220591
15365 101791 188333
265827 75736 33232
93101 150843 286084
120901 91218 275869
56690 526533 78145
8893 126025 296401
145707 194447 314116
377209 52276 90025
190051 101595 148897
712870 250326 292814
174456 69936 474267
4101 233611 410407
126919 133876 792858
617666 7501 189165
819057 3141 104943
302083 338403 729
347806 233241 707086
70859 95581 130015
234721 55357 116719
713926 149461 271401
44621 239329 76021
85861 345326 40978
387430 151195 44020
173041 133111 130188
143761 68641 729989
125376 220411 253519
355811 31172 616691
358751 520201 232411
443301 35917 730385
645976 55001 178537
138459 703135 199564
47572 696081 432328
187166 155221 306582
192655 538678 501229
55113 472153 171109
559436 363661 373101
802110 76539 519518
527083 16237 28281
288991 508417 652053
121969 631385 61373
