80
208861439158379903 286899605991 870992866377848807
945965326048783641 991182850239 280634906208466917
533699703896430865 128447826690 204798596676049607
602437628184023329 368486906262 604372213689378149
261835718978751787 686931173538 784992680416085337
644515904163122725 245361961371 238420058624749436
22727774865436825 248092421869 764076161665289641
638982054004426021 314942449126 741460377572095106
247625159408025959 914111573421 916059867249714229
103604676879021651 893203370496 324070594020227247
911641578894310299 390547647567 961480918066234671
342044065056488901 300926068168 888826182837072075
270493389895084138 212721285967 323676051437504153
232033452688498953 157227816680 40239369850470305
304100698804744089 38223334515 773242037777990017
39106152143070127 229106019453 357814570471964666
284110575771997963 961944399220 255816957406484895
562842609777758607 478506615204 519660805838573311
217323042532473421 97578913255 342702973330122565
296784306621185073 702055720903 262182872429654877
470465537132724431 401407943929 414166695708240591
696803057121365297 993799267564 549208952760079826
215683350625989736 635729547641 339059200942959416
677063741012472741 75351655681 793384285968553995
77006320457749203 869297491915 878070734476878926
498780760723777751 425438526345 887592284333366181
198366554188329513 230275498138 288225230644856661
89382004404614281 269937411321 51230363916860081
825676146680329009 167062367187 50789546191803064
458520363608479531 698733092112 4534017136934633
299485581067295551 818289414266 60271065662396268
281989590352253471 273998109982 555949368044516116
208485511689972225 834454580503 269992748223209930
817870328831499876 314994821185 462819117506377245
881027700455129998 567452241667 324358390343382245
464630045137042451 530515927288 253640135871656808
607984906591977103 11989069521 867713113922573491
791031168173845121 334821778486 934818415261527005
832016177228277041 453571474770 435850285967216101
918909498860340897 744943518531 323968710238796971
575343004862178149 829193954833 304338230240754071
105405445741999873 896467592587 467089890438889555
451427729765473315 171464095833 678610635760139822
379434140018933313 56174824998 213200107462785786
765985607804023301 326960215272 405103850393591751
474387968690702892 457313635277 773884908723554520
695696744015883937 873902088151 942038414240302331
108697687862680701 268772198355 755642800338622263
608962827311098121 886637209772 191135567923254349
115406680619994033 505490316460 995208241050323197
20846229714957921 78986976344 519662291917625245
340984060119563285 599947601433 515691661083586211
530515035378081793 471826346476 837688805903869113
118347615912792409 337196421082 974406896798619183
109657367853791651 580769783712 120653921728919918
319252836029885033 632320767164 492989322382356493
895521623102781345 34165105397 762165972648676693
153317549547864741 853209573028 6898852541912391
202586281955900489 883059556055 121798789604534656
89738742830962456 56420430377 20734174732340601
98770852735636081 554190397624 334569371176432303
375336958376160696 863846085913 455842269504289021
852165437619346043 742175834413 453886172660408381
342091034814353657 454847961900 398593536324952065
213277930894631281 950480392970 64574751829375090
782541911896271410 638074526825 996730617797061457
26179372690150577 985421566353 555354412970825089
636997754160222665 187919207640 159251734266944251
471219634615921436 826192265317 737137481672033513
502488006122889759 448132590259 347982127575836557
652676367283393583 975380639242 310644033087290235
181993853672772077 888610694303 502055675457246339
151509664012651561 662577607255 959375871724381794
735284825646890867 856652686125 320184064137435781
359729768668260897 582680953438 577400034875389992
588746555257240766 200343869357 690276521949165481
144667716845005804 992293725437 931755981156951821
919013149085510269 346144747860 142783502410866427
117164828874159281 455947309259 924694396885765251
472887495231488064 209704289473 912819419119706273
