89
19878584 68690192 10344741
19201963 1193348 28225147
15011830 23691421 71447521
1834501 16030769 45511381
77552749 18106936 8765563
19807513 21611523 15187661
29571025 10946965 8119031
7969534 26152105 2643093
7406153 16014593 66561993
4474237 21073452 1715231
7030045 23830276 368697
5534461 33555535 33782148
2144245 9685216 38151751
26425818 16323231 50582430
3624675 41273751 8886277
3247930 28816558 10123361
38534809 457701 47190501
44710801 38904417 3123163
8165929 1237601 32671607
522406 63339211 59847847
33348163 2460835 772351
5635371 3032669 37680222
332839 7000697 4568851
49992229 872033 1318062
6495322 31550905 72091426
54643795 12043065 70418613
61637574 57232141 7324626
34423381 34399001 44038843
46401202 7804906 31860726
6453000 5991691 24696343
42117145 46580836 23390809
8200886 13247457 30114811
4200593 6883171 34286381
14459321 5206465 74787721
64007581 57367888 17471548
77796793 10506562 52667069
6329921 570277 2452153
26616986 64384079 2099891
29754505 2462965 8875889
6569277 41544401 8990353
1557001 380801 945181
50987233 8040459 14616685
15407172 4763753 28131901
40472557 25576433 11288746
93016 4465439 13372971
36495913 51603025 14548249
25001614 39179137 3047428
3826 27915129 1711233
22202815 14428201 226395
17881111 6013219 2975185
15449265 17122716 9015369
17160961 17876783 12447555
16339156 37016053 71746677
13745051 11186353 5325241
7723024 4429126 19830889
18664450 37831699 14431873
16902857 28820305 80710765
49848756 69910429 2406306
60441625 14740266 44717545
1420981 6283501 17319377
57517499 4825162 4649968
86971873 11487151 26472529
44044638 12346657 979534
14011726 11056279 2784576
1659337 15514271 12198763
17440021 14766081 26351083
53309712 65717302 15838026
9729611 4501 39869578
26508136 48410849 6142313
32559691 23886288 2577303
26570941 40071121 31266937
7342651 3934405 11910673
54325630 70144711 76969729
26540456 16237992 1958559
6279015 6345361 5499873
1160665 11748670 48727801
30282281 52273719 6875506
8029695 18673202 22671181
53842276 33265322 161203
38451521 1011373 443062
13523525 1426621 29874351
2784703 6036117 72003446
8425277 817966 23537725
13321582 22808743 33945081
74431757 11851417 24278617
7241225 11832001 13759451
8970741 48900716 3059829
64206081 39758889 19981405
44920409 6931297 60640543
