64
228102310207325889 712200571640 984405828888765016
278191503255310849 16790687080 541237962123674729
872343951867557015 413357675751 413680715430186168
478687054564145691 805429608872 70683306521895865
648935648409769033 249712131560 721660450126914599
514786634070449721 868886740982 574339174420902037
93094551265746017 750597704699 811052627723768713
763096208401244563 346941996382 946104631675514321
797935081699727353 302998492020 723628244152597903
62125724506802147 335195940063 62210633724820131
281421795612871065 754587798717 589818820394454800
169700680557637321 217753101328 422796668335971887
167195677031642637 372843067615 799533509361533169
251195300396786812 125976265381 82580852216637571
778071237317485056 168356461057 199250042880613686
995244601327772228 82461246141 779451941187686197
372324914722654677 819674582215 737701630889851686
530406623978678465 307682335474 33906534565905717
831275587787572390 613099158021 608354756726227717
278271427185447501 13542671001 501738818967666041
192417701573654827 436781895867 230989896238572141
743138125497829152 528463898113 310291205052885439
189884515946118481 359943817647 817083304980689521
622855133800447258 866829083761 67483862238604479
277471907511626255 502899228555 457283013432791023
894445498217727512 49421256745 607498055886645441
706279004007950977 262378738017 270206997976634912
214061084626552661 918813609071 74892497031382091
41152276495432501 607631166083 438094219195647861
161935931233051809 853617353809 450751007621029175
680412032828864992 165075882465 791299215544717484
938895092741458759 804266562089 659776787229147719
495321678525686028 32461464193 740387999634003461
141848743192133361 535164788120 386963700685722131
206355786297092815 628682938234 724207017610254206
68763630902550409 226701711666 554694050703949612
332616176088255692 320265635077 609452051096157639
378634891864015433 627094573421 483759055577460778
83052801512583372 856904062913 929330732875173761
569516449862085888 836364690177 13012820581751677
396550804210624303 434627238632 18347124844198117
289290525566190651 469248232190 392451532348764326
328040470639812185 618150511047 144407135542272524
158726210572410301 206553216866 1349693966300871
816350839930097121 243372989835 397161716297917221
576221756777601624 744371826137 753933545233997531
129879132480824009 69420832133 807394632268399415
176400098346698221 204993614455 398058727746995855
646449283001884073 180780638185 456566603652984919
304485577035441105 130916892725 673698197675045054
550863230784757389 964722792640 364795920081705737
598251108901993597 929581839170 284735635888018801
174224240903079347 181350764387 453375020882202777
905068860304567476 202460471433 287877650045067994
544411300933013429 522358929934 670452603480721643
875188310572208550 572787723321 953210374698891198
447205582848122471 152376989164 648440575601428688
544687262374021111 704909414943 240871652670501717
11810049345086907 897011636740 139795763839331589
310672526923093296 782986802737 875567345392843860
779565074751036506 155975025037 566512507846792795
709810901456086457 625554749137 518708547756166548
315353033424121720 523887757289 16721571036213505
242369664029344865 7903827358 125603379713858707
