176
49589062745895401 377896561231 217659218099977393
698114959439291591 591290201441 116955634325956372
191332644163684687 707921124289 176365216422673705
838758279181727567 549283466401 145765481805231625
626380032627672097 246790788569 446490583106220473
673060135367476677 674337508862 823180914973973617
801758752478013953 884025077593 134091476228557496
489308480794939625 472551075617 652401368791432812
139406625320440393 472610625281 254586814123471401
531066444664432991 881312846593 856152839162467796
654523884602492629 469750440631 675568802942278091
670306834451880442 467651748575 418080248286790971
313009531197243065 930261900529 273006415056009889
223647979884668791 971561293461 258615097024505056
601133089847479710 687524400117 277839736036416108
118693482870699826 962821864361 138645808455882113
230936533206664524 613819217542 441921371627778241
256260769755583259 597704936722 677890674353398509
197969153462866601 266298358070 137077119616827157
386098043356061561 505615085667 718186583203867241
138858896705384257 79353539109 748677537067898257
13631228583828646 42662241 532190079277239789
987416726192864721 332036233358 196065236968615315
256415373131802543 525989873267 502867173818140215
841882966780986625 142947204637 425691756679763746
750282189387239866 897327202913 472985689361531149
289844633280826991 256287249506 236434549623986177
109565744535021449 39652870513 216437622834735539
173939941300413474 27220652023 773373495126950098
720233348044011912 8683640836 313079424232073523
588632384633931310 6615853579 629330676837604661
534105891221067933 702486255437 311726748101517532
718460431235904265 148483147778 472213043882038062
899803488704487401 74800710177 842752616362455933
135613497218242151 110488940651 846870260363343002
899638078056455423 552459445132 233874378424241714
135715994005676134 56743623251 906863902145445761
807572036535092661 911373993731 800293556061708801
323112553959330568 945431280721 780450121684464249
723328052471775756 378298857761 700613803126109333
717911866297413346 258157610329 217166842992362166
756055633273074751 429764043330 372909932374535272
223194997212792034 988318789380 201899802161748069
996568400559403747 997478267246 166221184582806420
27957538430713845 957732268267 152975077203526003
693635214905092973 160892161755 789996578239148313
519676486859244815 434528125494 115265790943703391
759905074938961561 153416033185 693763808265882971
374265723518377609 634340593701 620578168641463030
434235581789581993 292000827821 768110657763279853
597025654971007087 85705257473 654404567462825225
962980138711794526 587500090405 310628298369135249
563884743325362481 762564623321 610602849449960541
854796435762040401 552878755445 276850265985719183
334396294792084777 882289927683 893922933660544113
724714780168813521 523549442540 132302170459976012
269901865458192613 281167930211 229439514950788568
446915608780155047 641340903705 450235356336830491
652308717529706807 861612061789 25409996379581125
666069796550724379 335777530185 608327681350757493
208797955545366601 724524676028 450408326195640194
97544825210882792 863092415807 285167471115479381
657118507213122901 380280850042 111787982291518409
807639048385348622 57235059299 110425752690574718
911114659180314864 965476588105 700013099643640763
487868305506485610 260592617569 228997104720762293
796231414650197455 201124351831 658299677833328351
139027736683455691 791688987789 80924490644197020
148063350477336139 319929283301 433635335373552187
792862526079670121 727526277990 73141823159125880
894521912860947076 833121090107 743096482164573381
134120483178976881 336298564756 637601914298601153
507758580875414471 762597910011 658374464671562853
359567611040983798 261352638722 598197404498304001
567225724494373701 724809416086 166271992394062752
337086026972587237 526405480309 384402925518833100
723669453349441863 222987765477 598061424947032188
778665792324467349 875608210097 121646096310978741
813273697887344856 313310824277 316467066414333153
550759420538781400 895415887051 175220436558874027
85973188018322615 298494717156 994389078593644391
498602245583369315 836404867729 146814105879540597
333664259702279399 921700657779 914662716561560239
451591239774235905 743004251041 439512320819721785
114834636328157745 828996176585 313213462076597441
186547261134064501 560729023264 979378957366742845
309380022097592305 107733381026 677935622442041281
216112894618929165 480578245309 963991670617066049
649084624827881001 987407250539 581848065599156001
225959911895712936 180785000150 92825765206406379
409603338173447257 195793084203 421316843026073733
446288614814467265 40810980261 145277642742322692
921300738822336965 843346453125 72972085223463249
487733455898308435 673362728481 400792933831680041
606548759258343662 770772633651 446211160831549576
427606229852731225 968791700479 727488366252663681
294856447513883361 698345186407 45524442684978793
481668392032411702 911721488610 178072169731783071
682947639036240295 815914702625 22953323989816336
427839671881350431 352550121926 844835397505733316
933575651813074369 95447128256 247376922450732817
670604373647852851 983924944491 898974033742926415
808502444295174625 464499216257 182968221133210318
429354971122091201 22140962241 793955101614990281
230022334251917994 798290552218 68189323285261211
254895846185404769 184567099673 471044752485462710
293448564841459057 872097156701 900225102959424829
58584426876990289 201030345941 630397791180312109
945782648492831899 2896633413 423722971371264965
171240121321334758 800218597291 216333540713261391
588127871255357961 301957533591 337317025546949789
570609381886737213 391220239674 127471175744035495
663994494537173017 18603211680 183778530955993981
77160438325071332 149555269799 697996091470116657
141334485756406795 766876326109 680384898702846403
354813016435034761 162826704437 497748273652548001
685013525062772841 518240827357 22803285707463860
124373685820762526 700949738269 618976723664914825
914929735686732441 609017102481 262208250684716416
424364499560951637 687088277637 81996046156540976
543500747399389149 441905809477 813826799804511556
770423799281609217 858675470620 813026650347772430
368727793896786867 777943458020 38797797374519191
826238005537784665 609489332585 498915007967199231
743039602844005676 449274894992 982995220625867556
805370021034590093 211755104521 337673181799560894
505003549137085441 997971104394 629777056066298697
566413683724148161 801448473001 353352142332462951
525078791892956948 54058804283 57735508128601665
535544640916235944 352702473217 298332824479392641
434049502942875413 298776484563 330749640460270305
743217835295940641 814150637230 712687891795764153
648780623761457081 72889337503 30272233487029123
875646978396592093 421544554439 83701314680540393
5488788694757619 68125101121 608074616297499392
96820415996627927 329627756545 789834093070890101
194935848649966775 778302359841 100945075194642139
699198884576953925 671102901641 196312152333353842
541231792798728833 896006663851 586575420991328091
579195652395013125 642480656908 784903918471492272
438047547027767541 611222042731 834162618594868563
166861899864828385 596784513601 807778309803566577
805610392853782033 12910779533 462517950495100907
465331374162608221 153478559979 927506459180166990
477329776790292828 716507101141 780589374794877777
808330817973738029 676419656817 87837183156187086
524382526664246381 495325116101 705985505884751491
224797871304601111 957578219660 768756956965237449
468873017413041201 22769612501 865148347210314189
994399570331543131 756496004170 40834348915025636
934576655380067849 342518960757 169995064424072545
892420923347092601 975207899077 947023799594991573
922486632704389341 831580634695 538538905682719999
551321129226708940 20391435119 290909093712290003
64239228653319009 392547695073 372321041569488233
972346043702849167 38844098881 934863607792388869
107499869078034387 533370155005 775865075446849561
992524571529803241 305968694166 418467679872088761
749093477034435761 211036058501 739728751706599248
570966599525505488 429208862551 812437618120457545
970350406709327398 995731004186 8421441686038851
66818297408102201 319381741281 530624892534092641
31277090857213454 16980691401 899877891745353601
286693853517919261 872022033785 666364540346709171
649475320999900221 411540575223 766723143672555228
468262394799998703 307716213890 687481633829681001
494841723667210771 364405342081 594588384865586595
955401876583825321 206829487751 520012987640000783
74099097832597064 382376375361 459505796163176683
544966981006454185 163511619424 586301043470270394
357685158789300973 940564678372 822235674554643285
74997036606799241 115474825263 568754345443965139
636832906274384140 209374814531 918764081458544421
20279633967957955 105588226886 4896369649499095
989954715891941298 573517581065 21954804235391079
638956851272590852 587498418775 592842251094607472
