96
101722709729667225 303447368083 500341981227949437
857953037555247901 88239963864 953267383606527381
57208730592031753 528956532361 439818227000597289
971068417090406485 871795078804 881266269394217651
808291192726668169 626525090153 696230489746981022
1430405742601864 111437477361 254108344601412272
757765276691262670 141414672279 20949363072269761
549988307276460964 825592462249 150518869277766001
990961581320864136 310196183233 659540876069681842
573777541115212470 946719182239 301167424944304312
659010856311813217 796538327069 852674032014972125
463324268807193426 405620861049 679288705631202981
242006486968918751 316876433039 495887779672873121
869976399761261796 237119086121 339038557519137889
287929740310800871 992774219344 405361326035759284
877992347085356689 680260817766 868707901270590195
176848417335793701 649621565880 96050588633925485
458055363724711732 122990058153 463060070195608685
44139149593494403 952281951882 245130878788911712
121703517124406259 446129826791 633244285565291400
30482804994884989 19212991195 312245445984560545
92495582603902891 86550672357 273365800353539306
845503965609909601 775644491965 150852752345967732
540320950483268091 535829997948 784571456686275106
645310360995430501 982100143065 376952447768846337
911992083627027901 359972213257 590630197836174835
640211826039074801 868962953368 812791940470012917
6781646206737513 279037544616 877936627865060245
665277606382972289 29029718209 324107301912665239
263718238673714221 137209222048 565769511826220431
64910792069631342 719891193695 123088097476474589
318278086662473827 212673059836 207271044219969363
640646815427509525 683462132723 5804389093921307
64897917457718106 462076541853 306833043860965140
473572873383107689 692384688699 267867342034874251
55664901420619661 236947938505 663301202453324043
329732397769774421 26068113597 383868923984221097
719032235568277335 871702073647 886901640151199029
546696969042320740 691551804085 587448515669652449
122049403596853613 643315084969 236301946088638311
780228525987059073 916466725042 446725297769077
65494486071552847 846277821205 233592164295424873
374173936714463788 953196011253 549126148727873264
747994248739839809 584312077643 526479843413328621
487108035448444501 66112632269 311254231813199065
607796907909169603 180009815676 130252286159775211
525582539790822039 721086970764 607965188088545718
401950463945242690 762916373757 633596210102154979
508850940758164917 140564079272 174972324115432803
245186326680646385 224117531409 41648622049767712
119992969460759601 237478009737 800719197725213631
684142100170313201 14900024012 268393230556335313
432369718510922366 598314072897 516860969644454905
632311455007980473 555324002591 67485919348113076
397654050672402145 437939868646 571200674763986521
767603517864965081 440830740705 743988637544216569
125741241786213365 91550783969 593018025969336099
838294249688048049 198297010476 406967022887737201
231849790706203106 28450755795 866109093674223760
680531469702842737 751648667231 456283127532599609
580095333983232041 828402802093 881664910810952991
941444060437819909 184423757104 444737395011728403
334809504621955533 502409139528 560850438008240657
304055902858343347 226021674372 604580603364804271
862804682368143057 283074740563 468309452319905105
594832836300030121 522524338201 208229834150110017
885812286707259399 830135965226 183332985565017465
441113555367285543 681127644505 540371427380422517
520421206824949193 341784409122 447190782066552121
759172542999703301 423416231116 508635416477677878
873844547908832820 703079827213 288054198971202404
549573838381680449 993203608761 731094875650304503
153582494505510647 992365896010 342170978076986291
966196684922665665 851459705504 984115116631905341
151250697233040193 628185983821 585515879924074389
711443576804761969 708980829783 74418443282069419
216100123493438529 469609540986 865412712224591835
336248121848520397 588994223403 782198940357721054
338360538874915661 48291434668 752844269288046183
269336883136279581 258474790857 701177749123102095
161558278983514939 874482308637 783142191280955819
281859273159823210 142063351375 199333460765725144
492443213582440801 522804413346 52365477492527290
162609584601375285 678036349678 651813629638742
894945715333528951 885116821075 440404845637428562
576346905471001275 169275849249 131950977582288079
2913392341233983 81330533954 251892990673214529
650066544508193419 185055437204 495766694659360071
850337843706313319 141463471679 506998908680878421
860239746797267281 400676105651 3119801053961023
428415933595256345 351441246451 421263699588220916
985599103505372655 795510201592 673167465414104101
681169327100546561 882860497857 532345403047386417
56949967037803753 865821172956 98476562845121008
574471900966190129 543946483976 982542509441174901
448378248171389006 906830893767 302925343423817498
