55
467611 509536 424589
168631 403105 359553
104833 54949 265817
273121 430078 378577
29745 60265 363919
746283 307378 13630
379201 852710 122812
80802 406902 370063
508411 83953 461441
125611 43991 396199
123474 336810 144926
91951 200851 2585
615847 365329 137592
630295 268933 162001
438835 646991 6101
237317 46312 36082
17122 186147 221313
136478 98778 628016
147829 651385 103033
99217 116376 193806
44203 443476 37630
544324 350551 153464
65379 522075 1373
498271 412252 949645
801 334481 33881
106921 118581 125087
365616 219103 57240
320923 150382 59736
86199 266717 230357
88683 78121 531073
464617 111277 6681
233627 48761 244181
1851 136786 11614
518145 154471 99667
436790 108067 278308
143137 513982 235422
381151 305089 850077
625153 34867 685301
145501 596233 163565
427615 669439 276949
148765 511039 331321
9501 375734 167481
83809 473938 142243
119545 321751 237697
209806 53011 30798
632758 22237 317401
52257 199135 138673
210628 878621 42729
92001 45249 378753
126301 469531 252396
313545 6195 786446
698921 662221 20709
2381 57121 234841
304384 169797 686135
14553 357217 44218
