83
770794712377822101 693426905136 459969362756579249
748360407409916665 189554277492 91896076865132751
710468306414777936 350041203345 345139524513326419
798332382487668083 231118327589 890303110669213165
688353666714036239 855820233866 284233194411690842
943598820210005422 443013638885 947557349731193233
913583199029390244 750661109605 486774008545480606
739309352672901801 777922610464 305136876968400159
856604087379085277 398694871725 547519529532691131
915423168949969609 121688190661 906657963010958829
513390770172252417 333252840270 315352849788495737
386477566833837141 356340999775 768382786676697571
295933145494838391 657482739936 229829852208446395
456358964932061337 422058951013 865487486818746225
803203629645625793 455184165176 190462708968343810
867072790239810721 339569597729 339156062534846329
156069282242945833 624222197455 32835374589119989
720839170819595678 75794813549 303661965346337329
704940218185365553 960327439198 84157118898473313
880764829042664439 979993827889 409626511210879397
50203095062836395 145375602979 410932908854973706
573124199441392871 495983226911 275086306872331481
228641339673406573 185396122973 803411528995729630
449451342944623211 18047882051 238090675917544161
961772186285092621 551731071994 259733442813642081
536522682858280901 353798000487 869546482807687218
34003866342805831 445925199727 25104094514043801
159001077225720313 370147039192 563189814929486689
211760029407151216 386906606737 941334787704605311
93348762307508801 562606474142 247391787927448657
626453174841158256 575267343809 125657640223644401
481278267772269625 702982946163 61443165413410804
502865827911084197 494426347326 746754216229169901
587596909811718515 769010204792 314257310838884738
760815412944829871 298138804554 570435262137931830
464269335852368881 169442456719 94360576975222526
51954360780283245 209505984756 59651117378739533
834197917913818585 347404914958 727169845326620823
649031932719758267 35159032857 535063056317116489
949436398072581841 593870192443 484289585645168907
596953739566255027 941192634830 10242879014149361
59839917093130117 833831359506 843181523801585281
520513854067452385 811819386041 555013185222595257
136532736264063755 253599530592 42971476158530113
387847726329856376 848929856553 45902942582009003
523022882332250501 782957541207 79731876089226186
145992152710931073 306716429183 932749180152218461
569619884365614076 536174389597 41347757625137464
698044959602807183 368707326329 232969991082146298
125264593631649989 243306996676 442703160767922631
704431158582497655 138442618047 318346444154088199
730920678646864156 326233986993 648988899788931205
70078185646957597 306017072945 92573804148037917
303662727527473188 577797404201 717859189857572511
398576348578157697 592021749558 575136826172535187
42242398697092585 818103341208 444098840429183043
182812608382394153 639503047363 499673494662246108
348781750967183451 229578933349 27968019370023361
6411062552964113 61122663686 86819369909542339
440085435515166001 274446886860 56827036819427512
321696369436649537 408743268897 495190599409504641
755468328942408213 555056579114 103742807359875626
617385981314419421 760990838487 958775385360884307
732390176376880265 177702031050 111019901313785639
794930630695176293 894579639997 27452667368076241
826503092459947097 462091299969 160352336962486381
2247096640663832 142123686689 344554610028442281
941697804424925612 360385389509 168463720877910231
370059572405577161 863964033127 833637973796068497
454134083914732052 51405023621 269390658521269157
269750465629179841 906334085489 119236205769766883
626419303878784584 722651635777 576216504381809809
352008611911510277 725284913511 343807086656112382
914767228298652091 599751798331 170335524537059839
936865568159095686 269788160449 274745165131150396
773370560332024666 422383063591 935394355884762900
570118293457974312 62443743857 290719934941658087
245826396930741905 79603788714 579069731797785605
725580085962572481 279735138932 480046117045092081
828080625941507681 227486321679 577987269849916193
156927781684433545 826911515666 202749518126014583
330750391036157897 805460098309 275999100903200001
26264821017862885 256604366731 548596310126800751
