89
199585 687751 103475
192376 12041 282979
150769 237539 715153
18621 160963 455500
776571 181687 88505
198941 216791 152307
295939 109803 81338
79795 262081 26561
74164 160434 666585
44911 210835 17606
70921 238523 3802
55612 335896 338529
21621 97233 381676
264601 163762 506644
36433 413050 89425
32590 288817 101607
385876 4601 472391
447553 389551 31906
81963 12481 327712
5353 634406 599509
333883 24749 7734
56616 30754 377477
3524 70433 45725
500599 8809 13521
65192 316161 721967
547379 120833 705613
616715 572503 73745
344707 343991 441519
464668 78376 319366
64753 60067 247418
421849 466831 234716
82351 132913 301978
42177 69121 343067
145397 52157 749017
640966 574633 175178
778597 105364 527437
63823 5787 24701
266617 644621 21026
297805 24883 89217
66151 415855 90221
15708 3871 9625
510693 80961 146836
154809 47881 281676
405553 256513 113401
961 44873 133784
365762 516351 146166
250207 392572 30973
78 279896 17206
222492 144283 2311
178960 60451 29869
154810 171739 90441
171709 179578 124690
164097 371060 718741
137686 112101 53537
77410 44792 198721
186922 379225 144454
169361 289192 808027
499329 699847 24355
605133 148089 448295
14224 62851 173403
575831 48346 47305
870939 114936 265161
441255 123841 9871
140449 110881 28081
16875 155521 122145
174871 147841 263671
534423 657337 158929
97406 77 399107
265399 485083 62011
326117 239581 25869
265939 401289 313405
73789 39601 119561
544121 702196 770641
265651 162751 19683
63207 63505 55431
11873 117868 487279
303456 523669 69147
80511 187706 227281
539449 333201 1688
384773 10473 4669
135877 14521 298904
27966 61105 720721
84889 8326 235935
134017 228733 339678
745361 118700 243034
72521 118321 138025
90295 489999 31009
642841 398311 200201
450157 69561 607429
