96
5975561 8604137 24402082
10073317 24109650 10589779
70787883 4042599 56598721
32372866 14346795 31887751
15230401 158287 20045751
32541811 2931311 44757091
47488385 59243493 43491001
46354665 38963265 33351401
5373721 18728801 41527561
8536033 18346021 55849215
3574029 84290356 31732903
7937626 30377429 41637711
44688827 21383781 2689553
31828005 14054149 28946881
39515749 25735726 23886112
4762514 17044728 31822667
38912978 34088251 5943133
2488477 85570360 2512693
32770657 17522181 1331767
92818621 25551805 25122002
16435771 17193606 39644553
503133 6525322 44857437
85906801 8829435 6240841
24616411 4450431 4255693
3506381 72337615 7469101
4945592 81116737 30310449
3475559 32756968 9832213
5459753 72565659 15603121
9028653 12259189 1760417
1433013 69072872 3070327
5776457 1953233 668381
17991589 60625111 22812512
19740301 1496061 32561037
5773264 26665057 34194001
56783161 2993901 33987941
302692 47153447 74071856
61423993 32526748 18351841
58117898 10391825 21073001
2964001 17969953 24879169
6084295 116533 39231511
36762558 46374007 5428515
358926 14779801 1267477
2031251 24043663 62618081
14902651 9033481 19122715
8063083 30053486 83010097
3297736 3706291 33241001
57067214 8546011 24986977
72658486 15052748 3436915
2760893 8177820 6371583
33864641 3971253 228201
16919848 10965249 26027533
68766166 3504782 50249113
13189721 44693509 78705406
14273379 34489751 11209969
2158045 60706 30207421
15007994 51591469 41991313
33216555 38611201 8636537
9968113 33766698 2208466
6682369 23950334 20963017
19958383 2764866 62111581
57368060 10263997 26471843
26792862 60764033 56631564
23503156 19617931 13886701
82970773 15534805 35810251
4678961 50868496 45918349
3227113 7221406 6552721
15644851 2491423 6415897
29502937 64670284 8352951
29936168 7698679 2425937
4117785 5780312 2758604
10162297 11625993 1562653
2982097 11198734 41913598
38783016 21567649 83177669
10661281 49823089 81244342
11667529 1554024 19441531
20124097 12019609 406301
6598177 76430431 10118353
34351687 23700993 9665185
12679993 33438019 90823676
1462309 24083301 20070459
17141765 36666301 42203901
1528528 24523998 6508747
18937639 465361 65344657
6302687 47400041 59644914
4851658 32966601 34920317
8548255 55291687 716730
10861285 56027769 44741347
3528421 41047282 40638808
47989213 13670273 8176246
20932021 9890631 16943
7745537 9878401 45660313
16187772 46674685 9073049
9117805 38387623 24580055
309310 56414166 33064261
79018657 1088683 37862289
13274101 50023216 12489829
