91
802320808102418007 712341115592 647120155092429287
643033284720999517 892965646003 24373662672201705
279832925009486541 507192688551 98840329281498281
926516193323898093 382717910293 942044115730100993
34090344812744501 392718727498 625186525861159757
744522231731904513 59326020705 219635894831525347
425640131663330593 773133911507 11723227429929301
439633048131676069 938400867608 720490634154275594
29448738731307976 592267618273 706065857347818117
844300776389216515 576733861891 797680597028336155
7818474398086292 466174340373 411561911315551855
787419758767889451 762069109326 630897937432737091
817549275230653421 667032302046 436193551949293621
399380337397003201 761387258012 601023257767176751
36270098240325498 611111877087 858027941200668593
162779306722818464 665650303009 221579455801411489
53274985860591873 877188105673 484227236494630989
958861729061488396 589176157629 570193356656362401
197961130076860401 184770108142 271466051332387536
377290400402288873 407361273384 335963985372048443
707568999948204109 194895414634 311164561938093257
670017269497044153 833088895979 322711598746538107
895573832442989423 69338801146 708224529021333123
975983574959111759 453180083580 408439851666648938
319921600033056920 102238609857 92846870808869409
635106571528582939 581865203900 792963439919548640
778414870410202996 100325081157 965826855855026357
261768262405047553 25682654372 246702187097865591
69117432914640970 899460415769 205004977120937565
727038282038663036 191619024529 516797605971730945
269114495830059065 98920480982 945763153633370065
651249823335797227 954289307664 519754454115499993
149162511902106401 8336958918 703314851167294241
159942968579744489 907922791784 796777862468632601
762024450848102214 634459393835 817543017023946499
867889639366914049 446021246114 778469389525103886
995343867004917869 999248996590 62619215073224001
917279952395584597 937632270928 282574844029708245
325060534107188205 403247008172 358561398290382252
119289299521733469 674340617118 331380448628681409
67422647887847308 686271996105 731882370992697017
925077451510541097 199308353985 137941848889958586
427217186503296313 163539372965 326253135887614933
508110353835717019 466954543713 431911455515369334
78001975053716501 470180818992 48055663533017746
632782819611323473 267275032775 335050431329761709
117381049511098141 634539514126 458216025897829573
248191067302484689 271108726283 742710465328446625
544995900069206377 822834033938 547147180989878839
449218204546652560 925611552545 78283446726666081
399621917729048377 430257865332 726822424472784207
894134081528454772 482712046345 563055830126344891
612797931458703729 11264087011 919040612364091873
321202653832404217 285182803713 32294612773520641
113359141348621234 961823622631 820650152476521823
602147347972895 946413682389 107837660984170051
196944006680574775 667652923562 710510599101167093
112711798627603041 129749413090 918569297060791636
446360234891467261 248640992612 696211278028465891
643659286379160965 869352133938 459450645991669871
296745214285264801 557464816849 677428772141372194
44239289307551092 572980467229 352083190075697556
430227219134045151 270773752852 117666058933784531
588092323858198751 535339643671 77440973842492868
375875969956802651 633478440544 829909229762683144
769592245330684071 807126283246 421599670805029627
346125136512324329 291624733942 839476326528309538
73437556103243452 691174099825 511467254930799701
842582292646504121 424547779763 273674173911514901
147107584926990576 151669032721 233618796144786197
608405329177258441 256153394152 252261669446430001
993838914738098845 558753469585 806715824896206955
268116130810945919 285377338429 997100313415297532
48854900468367541 408285049198 814061645839162543
399892968190185885 140043838632 566382507058756630
177510782271421860 241865196377 33902969771640844
737768814805053809 796447059960 982016721130510033
170518157786577961 626595106217 413345174739551615
220218639520886035 209811890758 10585656141113861
544572426251048200 80580946737 148654107129283161
230608178545579887 805624756249 219873461247699625
149610760197230969 410784955337 245007562716660236
742225139620380001 11110524675 545949142199227740
317792925657582201 256462098036 934349984046106787
454934634000848216 381355633185 92713205570847357
336696338421491577 42774740255 533263739528634997
747879212812430441 944355644394 648091754050917943
157010020354289105 533509982974 589892916567644041
562548567434867065 639513676243 230517877491670349
853486078704838343 32783321503 111659826011050720
488500723754394161 453478322799 838864528718520401
