80
1135729 64861753 58939901
32239816 60512257 50312665
2898369 559436 17380639
19532497 463857 46654570
39374074 36041421 4256768
36021801 20300307 12137583
76028965 4046001 47513251
3465848 16596121 4021249
71831200 1361521 10389897
38515951 32043337 23446753
10364596 3906874 5215816
1855503 1417412 26507111
1468108 4128541 7181039
22945385 21954185 59861281
61289261 34309899 52988321
16478857 13931713 61578466
1541569 60520511 1390801
3052729 30815747 8240003
39128129 40371601 7282045
12456644 37371857 23111617
24241421 16784385 23936326
3778930 2403985 24663021
82486081 47837921 7261717
84996501 5728521 36831973
49214236 2780639 21026476
29812546 58867984 21078569
22761388 58412593 23253938
27595009 12814103 43657589
80377803 10061811 275932
13331625 36143203 27138121
7046151 7505113 16593167
23216201 19843201 3014269
71613442 14022721 28570501
91182295 21650401 18774881
4780783 61254493 50555285
2520748 62381127 1375879
8720509 27320129 4712101
15133955 44055538 48441013
9936658 7362253 51158108
26672556 9832009 1761277
13967857 46769746 88401169
16841551 11033242 56747329
2450149 8140553 47055379
29167073 19177290 6578056
47528125 1557649 50985577
2572223 11051309 4196721
3774313 65351213 81007811
49383729 46829921 25784908
19570845 3786721 1037505
27735793 62716501 27080668
116026 3147301 2817921
45228194 55690237 29907505
67938827 1245505 9966903
6070615 30594361 10706570
43969031 52708041 27765089
28836168 58416576 13521080
10280115 69161101 58343611
71315811 25391539 10884017
11945565 30168643 16929689
49287846 4271905 5541121
16802140 28179991 28921441
34562502 7005885 2478856
31727581 12634716 13308145
12701256 671815 40113728
1157969 1258921 352147
36780976 30209438 21668845
5567057 15342901 13856921
3455045 72903738 869914
45931681 29294623 20266069
56938177 13319795 1893298
30651096 2122905 72161761
17254946 70693481 8146584
823504 15455551 10626925
20257189 8876045 23424596
39904998 32282795 8554291
62826901 32332964 57961609
33319471 15933903 48421441
10406189 46374667 65826601
636353 13399673 48389713
35096050 4875601 4954104
