96
59781 86497 244481
101475 241398 106083
708985 40701 566049
324060 143623 319698
152609 1611 200911
325942 29647 448155
475166 593434 434911
464647 390697 333721
53857 187289 415983
85693 183800 558832
35946 843461 317493
79714 304611 417089
447217 214406 27048
318517 141373 289801
396189 257972 239773
47979 171009 319141
390101 341110 59891
25361 856597 25173
328492 175371 13826
929248 256015 251692
164845 172313 397601
5178 65512 449385
859461 88809 62488
246531 44801 42701
35241 723787 74821
49771 812251 303417
35217 328186 98426
54673 726586 156313
90966 122823 17795
14449 692231 31060
58141 19881 6694
180181 606321 228579
197491 15105 326077
57817 267065 341941
568690 30031 340424
3163 472609 741211
615601 326001 184081
581831 104534 210861
29745 180238 249229
61540 1297 393064
368301 464815 54593
3666 147799 12865
20326 240585 626573
149113 90793 191685
81121 301498 831199
33819 37361 332801
571873 85730 250564
727057 151210 34572
27969 81951 63892
339067 40092 2286
169642 110113 260701
688789 35552 503119
132137 447514 788269
143158 345241 112414
21729 676 302245
150231 517011 420376
332641 386881 86626
99901 338131 22201
67258 240285 210222
200368 27865 621727
574315 102908 264865
268414 608686 566657
235481 196861 138991
829991 155819 358303
47445 509329 459727
32333 72577 65665
156506 25201 64465
295303 647990 83556
300016 77257 24517
41796 58059 27862
102061 116587 15733
30087 112715 419839
388807 216118 832601
107001 499141 813373
116900 15590 194450
201601 120732 4303
66553 764542 101575
343831 237659 97101
127117 335086 909589
14841 240871 201111
172271 367477 422411
15352 245757 65686
189646 4657 654099
63537 474367 596771
48683 330299 349509
85915 554092 7226
109099 560737 447829
35410 411076 407089
480821 137446 82129
209365 99190 201
77813 99529 457841
162885 467025 91235
91305 384681 246433
3140 565111 330853
790625 10962 379393
132742 500856 125434
