79
453532 73969 47571476
853109 9680321 68946356
24600511 30690661 20447411
14215111 64003201 76418794
14431919 151921 22931069
8105129 35423253 3312063
648891 15568477 12287751
7852284 15321131 3623025
11560891 40188185 3890929
7545457 27624349 24036699
32424001 29730210 24369401
13035496 4778346 7561895
13603921 85755097 17886961
9300643 12135269 8766181
2488580 59584843 31852129
29582092 31392521 30113896
5854674 26449021 48994086
32626231 94612141 12893221
1812086 25119131 25411453
4781656 10270034 25683501
9024985 24241151 74859361
1644432 6800855 69278441
24837121 2794282 15582402
27453889 13061471 30966526
7035833 12179563 5842314
48554598 811546 6014185
18295915 23640121 71935831
77148991 40168711 23467399
54218821 483259 37701307
21385625 4558421 582361
4412501 10523137 77466077
10403471 52255596 23786071
44583985 12543158 60682504
81773152 3300697 29371711
17598169 28710757 13830913
87959171 29197054 22858735
66011413 9685692 27087277
9112555 29023633 2284025
16439047 1110526 3344089
34664806 57608277 13667121
41425255 56660581 67694617
28754709 19056801 78660877
10247329 25379471 34272127
10917147 26364757 23073013
45308167 33430493 580591
8346839 1070377 16716961
52965019 88854161 56870641
11806023 21885005 36574143
1820501 46816708 9630527
39836526 45752001 9804367
31604427 14021559 795439
29578131 51067423 984954
12020766 3219737 41097376
9938865 3574911 55986196
2560533 7560335 22974805
6052285 48514558 5560021
1307321 974269 3034297
3697227 15425572 2882037
36481537 56546803 6756239
59517471 64068873 9396081
12202273 10234601 77648001
31552597 12714217 11354303
1076929 53441961 6619495
5027250 15861703 45343
66408407 47477110 43758177
778801 46856113 2486425
3504517 1364621 18984997
6731836 7022437 47870191
1811467 23961708 34223336
16468252 20226049 57433251
2607021 42100846 26423065
43925260 9473953 33800284
22027591 21997922 15439537
11194486 18755101 52938705
19716082 11759139 429349
52902536 5125160 55948831
13471469 43805985 21666239
29733626 64973876 28373701
52521661 35885567 64237727
