100
1351 161 785
586 617 661
321 534 281
951 136 58
534 932 397
556 513 1027
990 801 190
271 43 1409
441 625 1471
859 139 1123
2163 37 1723
286 65 69
1497 573 175
493 1297 1327
1021 88 981
851 16 1601
343 385 201
189 481 273
589 247 661
241 749 409
1849 253 1231
1086 1513 56
785 466 1171
673 253 298
337 1549 737
343 76 1537
397 89 958
129 103 463
289 1756 153
1365 1103 59
265 533 43
706 267 757
961 133 125
277 2117 271
229 721 449
385 37 1618
415 449 704
323 145 576
251 456 193
12 169 22
776 1657 385
461 51 277
508 229 1531
534 287 1082
1635 508 1531
545 183 1506
1277 106 321
25 64 969
1065 1451 460
609 417 1248
443 967 727
271 47 117
55 1270 601
231 1177 155
921 325 1751
451 1054 21
436 181 551
1189 898 2255
14 541 1026
1481 461 265
157 365 217
241 401 616
124 1277 309
161 1132 829
622 277 457
1086 271 1787
408 521 1126
705 169 241
404 283 181
1723 778 61
404 17 801
41 81 1506
601 609 841
193 324 781
641 1162 231
196 689 199
875 155 19
25 193 442
1145 196 1441
961 545 289
841 406 161
316 47 217
761 401 443
209 385 783
2071 491 274
71 271 10
226 837 97
485 852 1693
421 145 50
595 1639 1377
1055 801 353
601 1222 145
369 188 40
829 593 34
599 897 41
1108 417 565
190 2351 715
1296 115 771
443 813 1093
199 1629 52
