246
214036103654299101 713381710189 304312594933138259
176273147994515351 642116226833 920600863441786125
347599350105987983 636504960377 445833659626518150
518240912194669533 366629776121 504922826054394561
309920778350274771 424962249526 129455591363659466
40985678334091811 435767016589 905100168534988542
171512885181007892 706217495418 48433116359678776
567600615726029464 390185608478 475296196216490841
596151698066636167 915945329037 367481759328939841
992985763637534705 710736297841 876696542675900761
488684110175427571 686917074201 807206374896505812
964850924851339121 997504933517 213576838334572063
572340736475452092 900500393846 408790238127687361
898947043470495566 908582673723 530456807671800813
174857129656850241 238278259657 247632814727531473
345434106530308897 554393715493 95178862981185587
44322831893351552 293717236856 407544943035932080
515703343229875101 717928125847 722521728313529628
984898381391098350 541164435569 202081602510549455
673350474678466413 592094487169 826266274368641196
351359472118996391 927590419375 843307216835297121
48811939015243784 166999423782 657728761603125124
22937562542518317 880344603455 649271319364116649
635932701307826236 980771893049 659631250942036613
806285930439568693 819282575759 684351974575730713
540435851038510055 437348129599 213836095996147909
266089485028430553 207779414425 307958214153599701
758166368420730088 764161977525 392677053383661825
687401449284155909 219716417793 566424942017934697
112150361910030407 930537195811 162906649915473471
915602501271618072 680571400644 358688765870944087
16436855044252872 581150216281 383895948971346241
709075530981441139 365995199145 518628160970745746
450785817310181647 553800670229 227063747865982227
852871126067374077 212635476649 651040022236852561
848095799195632289 308582933184 426103776901399185
74939386789215691 52617255441 273653760233823321
476395055740628822 750587557297 692694164639929667
554576768619567500 885839563901 390253933092917671
581122782838224289 74573954893 247272777358493015
931698388858477416 174888776177 158570642729247529
393648039467450033 390212430465 625181876200317281
185077966917148213 680563440755 453923724029079213
542047996239721441 813293991525 14542643079771729
680182016543769561 381127894511 770689167040515685
393287538172968543 232812786917 866220849987816621
527451769993858599 962118270436 535397703351585289
617262822197303857 598254842059 452508697863957697
302260233058148763 381765844546 752659815392260801
919772560932508083 399885098804 706729802900784321
772936771173406453 414620823613 737301911829454381
419475302088566389 544130429249 824339599737672801
81417031765552581 142807670731 997679460363955897
73450241516119686 807406867397 826504489176987958
307558559286301374 762370706485 899177349721176035
666673956281837702 133002443801 422416866932159441
617020356999666556 909464079546 635993147732139743
431270246509479586 36910401452 249254991784179793
31507366775577645 177892189593 984002792588184276
547083832320210769 995070781257 855732565299303538
614473935937035391 438141574225 750431808126862169
612698066826227469 333405100145 881260215432934367
85122738045615001 918534694327 265870883396128229
115542271319020317 821211653433 904695767619838177
448688970712630212 37879050001 879340962280536451
290997579247117614 978146849341 14330820500205639
45305184462850601 231873084721 117867541320739335
742728569285149249 557126473191 664311325816789397
992786291574290301 392877637957 942980290875063329
784086155625391291 44223559489 874545264701626467
848340018442491178 473571605889 621253029377842519
687523368196274955 627460960059 201582590171229679
396170033876196349 885303121783 239592563284865911
250411427637951461 150143310933 427768623315947751
10703713342814445 509749886293 281750414264836217
7920687699891331 967335450197 913535192756210657
162374151423296501 252165109409 269426974815627553
726097850948248335 469080307131 220322649981539060
705101403862642426 418129792017 926989835806412604
394822899906571001 832100381631 954726478057181672
108614667412761937 832207596301 894087513709468771
239094624286310520 824435278593 904935959699756161
600581760669333291 215639572885 262379627179268183
480958712117986071 90187520856 59087002534698645
710985476859718401 193206644909 237788307524092356
328238684686499456 13624816001 575615973012394465
513220349812459281 350884300425 510971210140152771
799920105942196126 547155403545 989637208413374367
266133056539942659 302353907230 974126451205480411
241803980656708233 900919140416 356319150302823367
632973308535501049 13149543350 899745019132019353
14694650020637682 472004414247 598314628643319565
10637313793737119 216321176895 825089370153851807
132420336989480985 942121280001 738260399128022881
211656270147381761 76735611631 837216652986845791
293617986151054497 590327544811 254109579013024031
571413086113244337 238207165193 17949294881375030
176384087508179294 715717407451 676914157891232662
988613743609870144 670519554081 908596205813918521
517178783291601138 557581943743 256332470440128922
558299491238561181 154477403465 781319585953177229
818289867850585998 879383067489 652016790070759958
663687836854923696 551353333761 943452739682016417
60710920014710132 815937416001 63160353532183413
15940926836882463 181158030213 201298571046214051
682401723502464961 502824731497 768087891940530382
505195328236868891 473844013176 33927052265067255
480827858109257193 32514325256 120587101269092027
246851410201087413 223050858251 624168770433562289
488908143702757461 219408947009 601881458980893323
703445738750597311 439276486776 194097744938215483
420422790723376755 565105418972 414618215050575690
147333870490507993 413741476205 783958831214024161
991239477786202484 890297952251 943586143528989619
796235073489978241 819807386531 816859688934722401
259277113882808037 618562733625 642903009867147150
828726730034051225 661331341143 904359151793756902
723136211122393729 541258336626 904269107848368808
71708334322735206 240909933511 179792349972798465
387656660487064351 976205123537 509950905027811001
999894589090476879 59391032041 629850277851509526
973076038638545393 197317950176 144043643417818620
116624518299980851 448283617441 921924559152337041
841916169736716452 186275456099 374292627521829237
194791381504282657 548451382773 222774703959517324
702096330811664135 81669307589 951821050049083733
374735887127819249 99890184866 650129480527024411
785090532941465975 639717665010 121250745103697119
372179949507796251 729503321557 182795802631433047
426562467997773151 882445275431 836531656343978693
9016286496465169 412923811251 634787132667137646
279401525438227941 944322025951 915727556890336881
417778445956326825 173008740071 682432808446756689
613071647611525766 787690861151 784245097578786620
206231399749654371 61518560226 314491814704566345
904470288633175771 336765532161 344959253854217691
146880972914562741 549614707027 990544742934337089
437736107129959405 206933869441 838634181382433873
556503806320852911 955109608276 20677443913320209
38466789976774665 51219594061 268303112983877285
249771308337007192 83411654801 11780445457312097
999300942339640449 158648551707 583788759069159455
421947769436997615 845899473426 717770757721205001
379735718153873951 737365873921 398679474104656393
481972273482811702 795684181473 828671110016954895
586706683275724234 168979315741 8254728334049625
440843556365701434 488579546337 481118659456813953
660618581782621277 667402992057 965546082174701449
946290604491128081 385760148871 188673877612401461
238423003551307337 881741259316 329767524202236123
295229965497419701 713794783843 802476491519041065
698955836007297561 610377367208 820108291348698365
475729415480909369 224018564425 633432197734566776
112192803310871865 977790059837 149158515969185650
899825290234448893 670509045201 940640592386943291
725924936599771981 895303077076 561939672403110116
603301769807723657 964261321265 389012399422238529
92839559544935737 510898400625 279211050733801876
490656536113763237 525951084033 783706758677273017
282889645585450663 973243553425 244581061475080273
446478343627777326 143701778149 109593208297658646
809718460012168067 557924710655 292698445790220793
743912855811467383 201746505155 757686022271493455
311927699978870328 538747170785 600339303387871153
387199307930066790 536917668469 130916074465909753
876305182148860222 800780895431 145278022306161889
434892046664723542 638668426201 834979891063872353
770921300978259175 830025773221 42522068991781553
406079614481903265 553303746905 279103338309060096
407959216729556350 835826025395 233248450885844936
175518053506557487 696748289243 138219458104870271
814836984478711361 178372276628 733581572756155612
835918324961788887 311914937857 691697409653752705
436984682929791049 391398193845 320401038896648801
275492184866674257 277050266117 507998265951889923
30006003562812901 379441958593 803731171034308693
83196547767011985 790104171581 9483467250551829
2459692461258061 105595116809 51356808240375261
969243164297269311 313119337281 163574868849607237
992272756744249193 920621801177 339672022934356926
645271484348495169 594856532329 387066068824780041
444311033453459299 580318382472 360109173213841836
643272727695866681 38286076438 278704065994883439
915752013676650989 813003390661 907295227917814441
715145089288370101 572158784977 137564563487736281
694796694485174941 758543311361 70086127884669008
240768020752876971 712221789273 992294784575593605
131867725486801251 950255697849 843244381193689168
618178668404482369 789272781217 287502675019172361
347134666425542339 30892701969 947443875984213197
640871604517059777 109595551025 606393811178222259
289680942677296981 731838220625 319056290624822981
934019580696837093 896080290133 692729273859540865
720339986295117747 183964478097 342254692515699201
243393085188409580 822725343181 617052502514975520
132268724341740241 380595269771 496960929533224919
492045883264538753 299608508003 465815287949662501
43735980044104808 102966398229 433979882302659450
732639788006477123 88790910132 47280004553362556
29055212071658761 215961315368 916880431195301187
467748616785123461 607705248581 662599916823896901
473697620675225052 590354795052 641882862931584501
673620033968689713 536732032413 367007035696963201
304840773047521017 623634225661 229049544991865349
178407160062155997 98995774765 912067986939739425
304035845013632643 207022217061 211041905302220377
200428519456700691 815694771666 398944492943535430
488806507167237989 294003093859 157146187157982066
962783961348964301 300091253761 634123275280633411
914091748810627141 725588018741 446318757460967161
60268135554089021 867367193717 212552290647615681
37434369080011876 13931180525 4475747308372897
353915724935243797 548925314566 184022253165763376
582250951740541337 971727671137 817184709449442433
233513001574086317 384476185059 870101020969505601
808250467955406801 36053359069 92205230109318505
79133268605307982 901714471879 11709614364319691
37340459933838660 432546663865 332119205286497316
834204316690982401 351282523092 254110968505762449
5371592553752201 990082411265 458526721090196976
325096780270068881 60201607126 953306999874654585
562950897948100071 855249241212 952745716836022991
952603637922216741 313008967331 312378088887739596
924535138859116543 677693083550 471606168314011876
111975062385550875 725522667801 226178371056497783
825030505549501447 337054834650 572406956189653710
79307760692234085 718848505685 167290721346135451
917984144451174311 441064566196 276178905609158327
581457370418923578 662403867758 442006796388445642
556555365601703829 53780747361 122989566122458871
754290279368495380 622109648873 583499963657211786
427629395836185153 312307604528 603554389213997961
934689481701711061 337301000227 118303128664097056
206459736524753633 394368585217 637937564083634850
40927901568552805 534793917369 351923041608078706
603604468926929753 752245746731 508235102908312897
602371296338602626 234932816760 946889827966918849
189541331144658213 361185894585 601173906889109715
476293929380455321 323007848517 444225909999545605
208865590249170405 158831877532 739553051652402140
737168452510893026 595079227225 501861560522407482
95245627898545536 536707519293 185087492295706560
506187848457867849 586057234971 432921955638253433
360117430989226839 5525552535 506758022682587985
977187776178695505 745341811361 657208092909446837
127054537152039425 802454068033 764036967672533928
