22
638056566589629417 206283990472 916530107789803555
757837630118229996 951061256133 212695663017167273
54630250797809761 333157134869 28045734068906363
156650517245495937 248259943079 148666919546279179
285060285908077981 23354331794 295060135010351317
46892090353262976 772240182401 333206655544718761
741579544606727308 414478519009 474785202663610679
383069427533284441 584903109992 287030329994426046
168701362102202961 679652323301 942919339785357610
250502253242594821 343995929708 198928580962508606
398958140288866459 998206292068 11205760522850659
917051706422858556 488046609869 543821427534630826
109908068161020015 622993959635 150758554482580861
975623022873218400 47951554529 330018731320054273
283331702468834453 967779835793 126652231812838544
339978057031472360 17086779097 229156692814460371
506298081365625715 762082296112 517930047072920499
204910616317039878 895351229915 512267283933476463
78098588175361861 111613444834 635718112017052161
155907496749241360 168610483393 562229859983884329
505546699551132705 505399129369 548839832597187934
76232836201566120 231921902193 578087998833803051
