19
643627049 108855 703698 796449
114894335 932681 557451 508324
404744396 114704 550793 407944
495137773 77523 935989 28891
224223094 297119 465877 329186
552891452 411813 885607 711302
305999096 373823 362023 380595
538439930 963929 86980 336895
222524883 714437 592898 896339
142188615 747724 32018 727479
341015937 839552 558088 547641
235588340 441286 292873 210368
277331562 458263 384377 184555
903597973 255037 333631 806076
821613142 349557 508386 572088
648858483 860077 668241 710677
198162890 104798 522397 240942
33239801 186245 193228 34461
473488074 524201 944339 71985
