51
14 48 1
48 23 1
48 9 1
23 40 1
40 21 1
21 44 1
9 17 1
9 36 1
44 20 1
17 39 1
21 16 1
44 24 1
48 35 1
36 19 1
16 29 1
36 15 1
21 46 1
21 50 1
40 22 1
15 38 1
16 13 1
9 26 1
38 47 1
22 1 1
1 12 1
13 28 1
24 11 1
23 32 1
1 7 1
46 33 1
14 43 1
47 2 1
11 5 1
20 49 1
36 42 1
33 37 1
14 18 1
46 51 1
44 34 1
12 30 1
24 27 1
26 10 1
22 25 1
16 6 1
10 4 1
1 31 1
37 41 1
46 45 1
18 3 1
35 8 1
15
48 26 23 26 21 40 49 7 35 15 14 2 29 29 16 24 30 25 48 47 6 33 11 21 37 5 2 37 14 23 30 12 32 42 47 33 46 23 13 50 51 12 19 22 36 19 22 48 8
10 51 45 38 41 5 16 30 13 9 47
37 46 8 10 6 44 2 16 1 22 45 13 7 5 6 16 32 44 5 48 36 39 37 45 5 4 6 26 24 30 17 40 15 33 48 21 50 41
30 8 3 49 41 18 42 39 45 46 34 49 1 6 47 38 25 18 4 1 17 19 31 5 42 24 34 51 1 40 28
4 50 2 39 7
51 30 26 14 32 4 19 22 11 42 48 4 43 39 24 35 5 43 42 8 45 47 27 48 12 45 34 27 21 18 29 39 10 28 1 36 34 6 12 40 37 12 38 7 49 40 15 2 49 20 47 24
38 18 21 31 36 3 27 29 51 6 42 13 17 24 16 11 35 33 39 37 19 51 51 31 49 10 33 19 27 31 12 33 12 24 47 6 26 27 49
48 20 28 31 50 26 49 2 18 43 44 2 43 42 13 11 50 12 25 10 20 30 37 6 47 16 29 12 28 34 42 14 13 25 16 34 33 1 11 21 37 50 19 4 17 17 49 18 42
29 1 41 18 9 7 40 15 16 40 27 39 24 35 38 27 15 16 41 49 23 37 31 33 33 27 8 31 51 24
46 29 11 2 9 31 40 6 50 25 6 28 51 31 39 49 49 28 47 10 23 35 4 47 18 23 11 9 2 6 32 41 16 41 38 18 40 9 48 9 34 6 18 43 45 5 44
36 12 3 28 34 13 31 29 24 31 1 7 6 12 37 47 34 36 19 46 43 34 33 24 29 37 10 1 6 44 16 10 31 24 16 21 14
15 6 1 44 21 13 2 16 36 6 35 32 35 28 37 37
12 36 27 37 22 45 8 37 12 24 9 49 46
37 38 39 3 36 16 15 48 13 8 30 12 24 40 13 5 47 21 18 43 44 15 41 29 33 45 20 31 23 25 16 6 13 7 32 9 18 36
29 22 25 21 10 3 10 36 45 11 5 20 29 36 22 13 10 47 11 21 48 18 20 34 9 29 26 34 8 8
