31
11 15 1
15 7 1
7 3 1
11 2 1
7 8 1
8 1 1
7 14 1
14 5 1
11 26 1
2 17 1
3 21 1
1 23 1
2 16 1
26 12 1
5 29 1
17 19 1
17 9 1
2 30 1
9 24 1
21 20 1
19 4 1
4 13 1
20 10 1
29 18 1
26 27 1
16 25 1
23 22 1
14 28 1
26 6 1
21 31 1
9
30 16 14 16 13 25 30 4 21 9 8 1 18 18 10 15 18 16 29 29 4 20 7 13 23 3 2 22 9 14 18
7 20 26 29 21 28 14 8
31 31 7 11 14 22 12 14 29 5 6 31 27 24 25 3 10 18 8 6 29 23 28 5 6 4 27 1 10 1 14 27
8 5 3 4 10 20 27 3 29
22 24 23 28 3 2 4 16 15 18 10 24 9 20 29 13 30 25 18 5 2 30 25
11 26 24 28 28 21 30 1 4 29 23 15
11 3 1 11 11 19 3 26 15 21 31 1
25 17 3 31 2 24 5 31 19 16 9 20 2 12 14 7 26 29 3 26 24 15 21 3 26 26
5 27 29 17 29 7
