4
1000
11 9 13 28 29 14 26 21 23 7 24 15 2 30 17 20 29 27 8 9 4 18 2 20 5 20 23 23 12 2 26 20 18 7 23 13 21 20 4 8 20 1 9 4 27 7 16 23 5 2 12 9 15 27 22 7 7 25 2 17 14 11 8 6 2 26 25 9 17 13 4 16 5 5 30 23 17 18 23 24 7 27 26 23 5 18 9 5 29 8 2 28 23 12 3 29 6 12 2 5 17 23 25 3 26 22 24 20 18 1 6 5 29 4 1 8 18 22 20 19 4 20 5 3 30 26 18 1 4 11 13 28 2 7 1 28 9 15 8 23 8 23 28 25 1 12 2 7 9 19 30 22 5 1 25 5 9 24 23 27 8 26 2 29 7 13 9 20 7 23 22 8 14 27 22 14 10 2 25 25 3 14 18 30 10 22 3 13 26 12 16 1 6 2 29 13 26 29 5 24 13 16 8 14 15 16 4 30 19 16 25 30 11 20 25 17 12 30 17 13 19 5 2 23 23 4 24 1 4 7 1 29 20 6 13 22 1 28 11 30 2 20 16 3 2 15 22 23 18 19 14 9 6 1 6 1 1 9 3 2 11 1 6 7 23 4 14 5 5 2 15 5 30 4 16 7 29 18 12 13 2 14 23 28 17 8 20 21 18 12 1 4 25 22 21 28 24 29 30 12 26 2 6 2 26 22 8 15 22 9 19 28 25 30 4 16 29 16 5 11 25 27 17 1 24 2 15 17 5 16 15 30 10 5 13 1 24 9 18 8 21 1 30 7 13 23 29 20 7 27 10 22 2 9 17 29 12 4 11 11 6 2 22 19 10 15 21 22 6 21 7 19 4 28 1 5 1 12 29 6 17 23 7 18 8 21 27 26 23 21 4 21 16 8 9 4 30 21 7 17 8 27 1 7 2 27 19 14 17 5 20 14 3 8 26 21 5 20 9 9 27 14 26 29 1 1 1 16 4 22 12 15 6 5 15 23 8 19 6 24 28 25 18 13 6 27 23 15 1 26 9 30 24 20 6 1 24 16 20 7 1 20 27 30 8 2 15 3 25 24 13 8 18 30 16 26 26 11 12 21 1 4 24 12 4 29 3 14 5 9 6 24 22 11 20 26 18 2 27 2 22 29 9 23 17 8 6 25 10 20 6 10 19 15 5 10 13 14 6 21 29 26 30 12 12 20 25 20 27 16 26 3 10 21 29 15 3 28 6 5 20 15 1 11 27 22 12 27 20 5 30 15 7 10 23 20 19 27 27 9 3 13 25 3 8 5 10 15 7 8 3 14 8 2 18 25 28 18 17 10 16 23 10 28 17 24 17 30 28 4 5 1 6 3 27 27 1 30 19 30 30 1 23 22 14 21 8 7 26 4 24 24 6 1 12 14 2 7 6 24 26 19 10 13 20 2 13 14 2 9 24 14 15 25 24 8 16 19 21 25 19 29 18 13 11 10 21 24 7 20 15 7 13 24 5 11 15 24 6 2 23 5 23 10 27 23 18 10 28 15 5 3 17 16 9 23 5 14 22 27 19 1 8 18 22 3 10 22 23 28 24 1 12 14 19 12 8 3 1 15 2 22 15 1 20 18 6 20 28 8 26 20 14 9 24 20 4 21 1 22 30 19 9 28 28 30 18 6 28 20 8 18 5 15 15 15 9 19 3 15 8 22 20 27 17 26 26 26 15 23 24 2 20 5 20 26 4 9 11 3 15 11 21 2 25 9 23 30 10 16 5 12 26 12 19 5 16 29 12 20 20 8 21 28 28 28 11 10 30 13 5 16 19 22 2 14 25 24 20 29 30 26 16 16 10 3 23 3 29 26 4 24 7 2 25 9 4 15 3 20 7 6 21 16 3 21 3 10 2 21 21 15 5 13 27 8 17 5 30 13 19 2 23 22 9 24 18 9 14 2 13 29 14 6 15 1 11 2 15 17 21 10 2 29 22 22 27 6 7 17 16 16 16 7 4 20 20 24 21 16 7 1 28 17 29 3 9 19 21 5 8 23 8 27 28 26 27 29 3 15 3 20 30 5 6 12 9 28 11 16 17 15 6 22 10 1 15 24 28 1 20 30 2 4 30 16 3 30 14 28 9 6 4 27 20 12 1 12 1 8 26 24 14 21 11 12 25 26 12 13 24 3 25 10 7 14 23 17 23 20 22 11 29 19 12 7 12 18 4 12 22 27 27 25 20 15 9 12 5 29 15 8 1 20 29 21 9 18 3 14 9 7 8 1 24 3 9 23 6 12
956 603
155 325
184 808
940 31
435 610
740 152
750 796
794 314
645 863
886 662
607 670
20 506
128 679
885 204
663 760
559 302
897 156
227 163
470 771
935 268
862 420
102 832
865 2
323 160
980 812
575 77
552 620
868 278
353 97
442 894
929 170
339 313
850 728
586 301
955 361
226 232
551 766
314 90
95 257
29 190
91 701
9 659
425 581
821 718
841 546
561 767
176 716
516 708
97 789
930 389
173 712
193 461
900 571
444 194
185 622
936 261
735 752
976 719
915 116
465 887
345 520
597 942
207 22
804 151
25 891
972 462
923 35
464 221
863 406
779 79
558 754
834 408
104 988
492 816
535 595
964 568
429 591
599 806
623 172
410 54
852 563
913 469
27 664
129 508
664 655
618 271
268 706
670 798
471 87
474 494
250 295
301 430
364 669
948 357
483 228
137 567
571 926
484 969
608 756
430 888
734 452
133 436
787 534
538 860
209 447
120 515
898 529
810 435
919 609
297 355
721 856
646 133
504 614
855 650
720 735
181 139
111 334
418 824
828 516
827 161
785 773
829 270
419 108
924 660
619 432
448 454
191 992
603 691
626 989
200 597
420 168
172 157
427 818
115 158
132 574
256 580
805 53
572 135
491 699
644 243
809 410
317 167
533 884
547 482
667 327
168 487
424 305
942 405
265 934
969 514
466 332
736 269
240 64
631 543
715 932
398 121
373 687
14 948
46 225
396 674
665 36
289 537
5 166
417 144
43 774
548 393
830 75
564 859
723 765
581 786
634 762
357 229
142 438
879 388
462 749
679 961
696 582
857 195
937 742
238 640
92 339
917 741
382 740
147 772
262 65
423 510
515 575
536 178
849 656
244 481
494 315
981 15
854 138
926 265
584 45
949 998
693 475
495 84
588 531
292 191
772 326
914 617
439 702
407 415
201 379
682 522
473 66
249 130
931 63
874 639
367 904
480 488
743 59
476 561
684 40
321 449
996 82
210 709
316 429
105 901
169 117
974 555
334 535
609 321
540 673
866 16
756 572
127 336
993 375
271 273
399 551
719 906
912 208
349 401
739 266
164 231
542 867
82 146
307 848
189 284
778 730
327 71
922 402
837 499
941 876
595 758
310 829
55 176
260 421
578 93
404 973
160 412
376 857
765 868
899 211
138 230
755 793
208 179
296 873
681 394
180 258
638 994
831 788
139 252
650 810
1000 986
70 100
781 704
825 686
408 55
711 680
269 8
109 746
400 366
40 632
233 371
479 324
281 641
568 944
771 750
933 150
472 224
612 174
203 937
652 330
580 300
282 155
999 73
997 206
485 530
690 770
701 799
1 844
204 672
498 725
509 7
175 877
507 851
23 723
541 905
254 359
544 441
451 912
459 460
258 463
39 478
741 883
511 322
361 676
658 448
769 141
48 51
615 920
452 323
469 472
783 985
757 457
371 29
26 763
299 587
99 898
275 342
11 503
69 919
426 498
326 88
312 732
698 527
733 592
12 446
350 621
576 925
436 775
378 828
525 929
94 58
848 153
32 548
891 879
360 605
909 200
71 854
177 223
288 586
840 11
560 962
414 753
264 830
985 26
602 624
255 908
889 618
649 127
780 348
680 277
73 946
116 995
875 105
742 309
2 165
433 49
335 120
669 783
72 374
78 648
76 476
214 802
512 970
306 596
385 215
122 413
543 201
461 217
96 235
263 839
402 852
497 642
877 584
514 787
637 885
477 416
266 329
384 598
582 958
688 834
842 782
700 512
59 893
858 425
630 688
247 202
503 181
856 557
422 951
555 483
447 376
475 928
614 385
270 604
953 533
951 807
375 364
192 94
846 131
566 963
975 220
355 209
3 404
295 965
600 403
379 842
704 594
298 287
36 422
647 128
159 831
789 569
892 939
501 86
359 308
844 661
526 145
594 941
775 312
284 427
833 474
235 864
8 1
322 769
920 350
760 583
753 250
443 433
432 875
294 358
788 564
592 745
627 240
21 528
531 249
368 263
832 634
309 862
468 409
983 368
458 246
998 480
694 290
988 700
705 843
243 453
80 95
710 871
450 188
303 390
605 24
236 122
521 492
990 473
162 445
989 222
332 532
406 960
390 19
610 511
748 678
815 837
279 565
141 319
170 552
853 747
328 635
672 337
579 331
702 43
890 646
800 900
692 260
35 113
356 647
712 123
386 696
722 613
276 56
248 340
153 677
823 214
49 801
130 968
801 972
994 189
286 847
836 999
88 192
183 32
377 272
952 693
768 841
283 370
621 367
661 352
117 18
63 13
761 899
231 705
524 387
67 14
916 207
318 809
598 57
943 343
944 111
992 544
938 785
883 137
907 865
119 918
864 41
732 549
437 477
150 310
699 245
902 943
199 579
628 70
134 966
703 585
467 497
982 21
454 663
802 850
714 517
884 541
873 791
7 910
194 184
872 317
606 542
991 91
57 291
24 855
330 684
460 794
246 780
52 159
154 739
347 825
773 396
569 456
481 651
934 455
340 671
482 987
272 744
85 776
205 298
441 182
876 707
161 577
273 729
261 459
118 764
745 778
553 539
754 588
285 140
784 833
158 715
519 328
166 281
463 89
61 902
728 193
730 993
305 768
968 251
593 681
190 423
648 870
601 37
965 889
211 692
449 212
315 434
713 633
716 439
819 112
984 689
966 649
502 489
41 347
671 101
337 738
455 657
818 399
505 81
290 643
668 909
642 722
409 560
826 846
662 724
182 748
338 148
393 795
110 254
197 297
523 601
903 400
388 147
313 872
54 244
135 219
906 118
28 952
220 304
881 895
653 665
904 286
358 636
113 853
888 426
489 727
759 10
221 164
970 227
762 984
496 950
871 39
10 110
98 881
90 504
387 294
506 293
583 711
112 380
341 697
835 890
171 346
793 940
239 880
766 682
222 27
44 916
179 52
308 599
230 372
293 103
232 896
196 612
770 547
758 85
925 521
986 602
6 28
869 623
51 479
456 915
428 373
674 982
824 50
100 451
689 344
960 797
927 589
706 813
958 838
777 17
229 486
893 384
764 119
620 630
329 292
532 171
374 356
478 417
950 627
47 256
546 303
60 444
123 80
814 784
218 792
657 296
905 44
187 196
726 12
636 957
549 61
613 638
896 183
421 440
587 247
962 949
131 840
508 395
333 675
792 734
300 720
325 518
945 959
19 234
17 349
144 199
178 820
499 490
882 99
616 46
457 60
195 779
241 790
971 835
58 606
686 175
629 289
369 654
124 590
545 239
66 953
351 931
807 866
411 248
13 428
354 938
42 134
75 500
114 668
486 562
237 383
79 827
635 967
344 316
403 924
567 407
101 414
148 826
843 685
838 755
774 132
729 424
557 180
522 136
534 886
725 377
383 525
304 593
816 804
859 821
617 803
15 392
861 726
727 694
228 276
654 892
887 805
880 98
103 524
528 125
152 115
979 431
709 836
796 154
224 743
352 608
140 6
274 241
149 559
488 76
947 631
791 600
632 615
252 283
790 142
651 815
939 645
53 817
510 501
38 143
346 274
372 978
278 471
640 822
987 381
405 262
959 378
589 625
64 526
68 570
660 737
961 391
659 619
678 936
336 216
413 419
556 450
143 666
946 1000
267 553
973 280
585 658
625 5
767 437
167 971
539 997
302 62
86 757
695 981
563 540
56 976
434 545
251 236
963 538
126 505
978 335
219 4
163 318
89 197
487 849
277 933
453 495
808 652
389 626
33 558
431 922
74 491
932 187
202 102
537 362
562 573
217 351
957 519
812 185
530 536
867 198
440 823
786 819
320 814
215 345
811 338
223 42
908 858
577 980
573 288
851 369
921 861
366 186
639 177
737 556
596 464
655 279
870 242
87 285
493 811
611 468
782 731
490 30
412 203
31 578
216 717
520 954
918 442
967 964
806 72
212 363
676 237
145 96
381 710
901 333
677 947
675 878
81 360
438 354
797 493
291 320
4 683
397 945
895 979
747 513
395 911
752 306
186 386
257 9
280 341
622 629
633 34
683 874
50 955
157 502
749 703
590 644
977 927
213 205
500 781
121 458
738 845
928 418
146 759
860 255
37 507
656 882
776 47
550 353
245 956
574 126
343 713
813 554
30 20
795 921
529 233
331 975
839 109
22 465
954 365
342 398
198 213
253 903
707 169
234 69
817 991
798 917
156 218
527 162
311 913
319 275
517 761
125 721
687 736
34 496
641 282
84 264
822 382
415 114
708 637
911 83
416 149
624 397
717 607
16 990
697 411
188 226
151 695
287 930
666 698
554 173
995 210
803 68
370 653
380 907
365 129
206 751
106 78
62 974
65 470
604 485
174 467
391 311
136 267
93 74
565 253
820 733
259 466
324 897
446 977
878 509
845 38
401 616
108 690
691 3
724 935
77 259
685 914
799 667
763 23
18 611
362 714
744 238
751 92
570 67
225 124
445 107
394 25
242 983
731 523
392 923
83 550
718 777
518 443
847 299
165 104
673 33
363 800
746 628
107 484
513 996
910 869
894 48
45 576
643 106
591 566
1000
1 1 3
1 2 4
1 3 6
1 4 6
1 5 8
1 6 9
1 7 11
1 8 10
1 9 12
1 10 13
1 11 15
1 12 15
1 13 17
1 14 18
1 15 20
1 16 18
1 17 20
1 18 21
1 19 23
1 20 23
1 21 25
1 22 26
1 23 28
1 24 27
1 25 29
1 26 30
1 27 32
1 28 32
1 29 34
1 30 35
1 31 37
1 32 34
1 33 36
1 34 37
1 35 39
1 36 39
1 37 41
1 38 42
1 39 44
1 40 43
1 41 45
1 42 46
1 43 48
1 44 48
1 45 50
1 46 51
1 47 53
1 48 51
1 49 53
1 50 54
1 51 56
1 52 56
1 53 58
1 54 59
1 55 61
1 56 60
1 57 62
1 58 63
1 59 65
1 60 65
1 61 67
1 62 68
1 63 70
1 64 66
1 65 68
1 66 69
1 67 71
1 68 71
1 69 73
1 70 74
1 71 76
1 72 75
1 73 77
1 74 78
1 75 80
1 76 80
1 77 82
1 78 83
1 79 85
1 80 83
1 81 85
1 82 86
1 83 88
1 84 88
1 85 90
1 86 91
1 87 93
1 88 92
1 89 94
1 90 95
1 91 97
1 92 97
1 93 99
1 94 100
1 95 102
1 96 99
1 97 101
1 98 102
1 99 104
1 100 104
1 101 106
1 102 107
1 103 109
1 104 108
1 105 110
1 106 111
1 107 113
1 108 113
1 109 115
1 110 116
1 111 118
1 112 116
1 113 118
1 114 119
1 115 121
1 116 121
1 117 123
1 118 124
1 119 126
1 120 125
1 121 127
1 122 128
1 123 130
1 124 130
1 125 132
1 126 133
1 127 135
1 128 130
1 129 132
1 130 133
1 131 135
1 132 135
1 133 137
1 134 138
1 135 140
1 136 139
1 137 141
1 138 142
1 139 144
1 140 144
1 141 146
1 142 147
1 143 149
1 144 147
1 145 149
1 146 150
1 147 152
1 148 152
1 149 154
1 150 155
1 151 157
1 152 156
1 153 158
1 154 159
1 155 161
1 156 161
1 157 163
1 158 164
1 159 166
1 160 163
1 161 165
1 162 166
1 163 168
1 164 168
1 165 170
1 166 171
1 167 173
1 168 172
1 169 174
1 170 175
1 171 177
1 172 177
1 173 179
1 174 180
1 175 182
1 176 180
1 177 182
1 178 183
1 179 185
1 180 185
1 181 187
1 182 188
1 183 190
1 184 189
1 185 191
1 186 192
1 187 194
1 188 194
1 189 196
1 190 197
1 191 199
1 192 195
1 193 197
1 194 198
1 195 200
1 196 200
1 197 202
1 198 203
1 199 205
1 200 204
1 201 206
1 202 207
1 203 209
1 204 209
1 205 211
1 206 212
1 207 214
1 208 212
1 209 214
1 210 215
1 211 217
1 212 217
1 213 219
1 214 220
1 215 222
1 216 221
1 217 223
1 218 224
1 219 226
1 220 226
1 221 228
1 222 229
1 223 231
1 224 228
1 225 230
1 226 231
1 227 233
1 228 233
1 229 235
1 230 236
1 231 238
1 232 237
1 233 239
1 234 240
1 235 242
1 236 242
1 237 244
1 238 245
1 239 247
1 240 245
1 241 247
1 242 248
1 243 250
1 244 250
1 245 252
1 246 253
1 247 255
1 248 254
1 249 256
1 250 257
1 251 259
1 252 259
1 253 261
1 254 262
1 255 264
1 256 258
1 257 260
1 258 261
1 259 263
1 260 263
1 261 265
1 262 266
1 263 268
1 264 267
1 265 269
1 266 270
1 267 272
1 268 272
1 269 274
1 270 275
1 271 277
1 272 275
1 273 277
1 274 278
1 275 280
1 276 280
1 277 282
1 278 283
1 279 285
1 280 284
1 281 286
1 282 287
1 283 289
1 284 289
1 285 291
1 286 292
1 287 294
1 288 291
1 289 293
1 290 294
1 291 296
1 292 296
1 293 298
1 294 299
1 295 301
1 296 300
1 297 302
1 298 303
1 299 305
1 300 305
1 301 307
1 302 308
1 303 310
1 304 308
1 305 310
1 306 311
1 307 313
1 308 313
1 309 315
1 310 316
1 311 318
1 312 317
1 313 319
1 314 320
1 315 322
1 316 322
1 317 324
1 318 325
1 319 327
1 320 323
1 321 325
1 322 326
1 323 328
1 324 328
1 325 330
1 326 331
1 327 333
1 328 332
1 329 334
1 330 335
1 331 337
1 332 337
1 333 339
1 334 340
1 335 342
1 336 340
1 337 342
1 338 343
1 339 345
1 340 345
1 341 347
1 342 348
1 343 350
1 344 349
1 345 351
1 346 352
1 347 354
1 348 354
1 349 356
1 350 357
1 351 359
1 352 356
1 353 358
1 354 359
1 355 361
1 356 361
1 357 363
1 358 364
1 359 366
1 360 365
1 361 367
1 362 368
1 363 370
1 364 370
1 365 372
1 366 373
1 367 375
1 368 373
1 369 375
1 370 376
1 371 378
1 372 378
1 373 380
1 374 381
1 375 383
1 376 382
1 377 384
1 378 385
1 379 387
1 380 387
1 381 389
1 382 390
1 383 392
1 384 387
1 385 389
1 386 390
1 387 392
1 388 392
1 389 394
1 390 395
1 391 397
1 392 396
1 393 398
1 394 399
1 395 401
1 396 401
1 397 403
1 398 404
1 399 406
1 400 404
1 401 406
1 402 407
1 403 409
1 404 409
1 405 411
1 406 412
1 407 414
1 408 413
1 409 415
1 410 416
1 411 418
1 412 418
1 413 420
1 414 421
1 415 423
1 416 420
1 417 422
1 418 423
1 419 425
1 420 425
1 421 427
1 422 428
1 423 430
1 424 429
1 425 431
1 426 432
1 427 434
1 428 434
1 429 436
1 430 437
1 431 439
1 432 437
1 433 439
1 434 440
1 435 442
1 436 442
1 437 444
1 438 445
1 439 447
1 440 446
1 441 448
1 442 449
1 443 451
1 444 451
1 445 453
1 446 454
1 447 456
1 448 452
1 449 454
1 450 455
1 451 457
1 452 457
1 453 459
1 454 460
1 455 462
1 456 461
1 457 463
1 458 464
1 459 466
1 460 466
1 461 468
1 462 469
1 463 471
1 464 469
1 465 471
1 466 472
1 467 474
1 468 474
1 469 476
1 470 477
1 471 479
1 472 478
1 473 480
1 474 481
1 475 483
1 476 483
1 477 485
1 478 486
1 479 488
1 480 485
1 481 487
1 482 488
1 483 490
1 484 490
1 485 492
1 486 493
1 487 495
1 488 494
1 489 496
1 490 497
1 491 499
1 492 499
1 493 501
1 494 502
1 495 504
1 496 502
1 497 504
1 498 505
1 499 507
1 500 507
1 501 509
1 502 510
1 503 512
1 504 511
1 505 513
1 506 514
1 507 516
1 508 516
1 509 518
1 510 519
1 511 521
1 512 514
1 513 516
1 514 517
1 515 519
1 516 519
1 517 521
1 518 522
1 519 524
1 520 523
1 521 525
1 522 526
1 523 528
1 524 528
1 525 530
1 526 531
1 527 533
1 528 531
1 529 533
1 530 534
1 531 536
1 532 536
1 533 538
1 534 539
1 535 541
1 536 540
1 537 542
1 538 543
1 539 545
1 540 545
1 541 547
1 542 548
1 543 550
1 544 547
1 545 549
1 546 550
1 547 552
1 548 552
1 549 554
1 550 555
1 551 557
1 552 556
1 553 558
1 554 559
1 555 561
1 556 561
1 557 563
1 558 564
1 559 566
1 560 564
1 561 566
1 562 567
1 563 569
1 564 569
1 565 571
1 566 572
1 567 574
1 568 573
1 569 575
1 570 576
1 571 578
1 572 578
1 573 580
1 574 581
1 575 583
1 576 579
1 577 581
1 578 582
1 579 584
1 580 584
1 581 586
1 582 587
1 583 589
1 584 588
1 585 590
1 586 591
1 587 593
1 588 593
1 589 595
1 590 596
1 591 598
1 592 596
1 593 598
1 594 599
1 595 601
1 596 601
1 597 603
1 598 604
1 599 606
1 600 605
1 601 607
1 602 608
1 603 610
1 604 610
1 605 612
1 606 613
1 607 615
1 608 612
1 609 614
1 610 615
1 611 617
1 612 617
1 613 619
1 614 620
1 615 622
1 616 621
1 617 623
1 618 624
1 619 626
1 620 626
1 621 628
1 622 629
1 623 631
1 624 629
1 625 631
1 626 632
1 627 634
1 628 634
1 629 636
1 630 637
1 631 639
1 632 638
1 633 640
1 634 641
1 635 643
1 636 643
1 637 645
1 638 646
1 639 648
1 640 643
1 641 645
1 642 646
1 643 648
1 644 648
1 645 650
1 646 651
1 647 653
1 648 652
1 649 654
1 650 655
1 651 657
1 652 657
1 653 659
1 654 660
1 655 662
1 656 660
1 657 662
1 658 663
1 659 665
1 660 665
1 661 667
1 662 668
1 663 670
1 664 669
1 665 671
1 666 672
1 667 674
1 668 674
1 669 676
1 670 677
1 671 679
1 672 676
1 673 678
1 674 679
1 675 681
1 676 681
1 677 683
1 678 684
1 679 686
1 680 685
1 681 687
1 682 688
1 683 690
1 684 690
1 685 692
1 686 693
1 687 695
1 688 693
1 689 695
1 690 696
1 691 698
1 692 698
1 693 700
1 694 701
1 695 703
1 696 702
1 697 704
1 698 705
1 699 707
1 700 707
1 701 709
1 702 710
1 703 712
1 704 708
1 705 710
1 706 711
1 707 713
1 708 713
1 709 715
1 710 716
1 711 718
1 712 717
1 713 719
1 714 720
1 715 722
1 716 722
1 717 724
1 718 725
1 719 727
1 720 725
1 721 727
1 722 728
1 723 730
1 724 730
1 725 732
1 726 733
1 727 735
1 728 734
1 729 736
1 730 737
1 731 739
1 732 739
1 733 741
1 734 742
1 735 744
1 736 741
1 737 743
1 738 744
1 739 746
1 740 746
1 741 748
1 742 749
1 743 751
1 744 750
1 745 752
1 746 753
1 747 755
1 748 755
1 749 757
1 750 758
1 751 760
1 752 758
1 753 760
1 754 761
1 755 763
1 756 763
1 757 765
1 758 766
1 759 768
1 760 767
1 761 769
1 762 770
1 763 772
1 764 772
1 765 774
1 766 775
1 767 777
1 768 771
1 769 773
1 770 774
1 771 776
1 772 776
1 773 778
1 774 779
1 775 781
1 776 780
1 777 782
1 778 783
1 779 785
1 780 785
1 781 787
1 782 788
1 783 790
1 784 788
1 785 790
1 786 791
1 787 793
1 788 793
1 789 795
1 790 796
1 791 798
1 792 797
1 793 799
1 794 800
1 795 802
1 796 802
1 797 804
1 798 805
1 799 807
1 800 804
1 801 806
1 802 807
1 803 809
1 804 809
1 805 811
1 806 812
1 807 814
1 808 813
1 809 815
1 810 816
1 811 818
1 812 818
1 813 820
1 814 821
1 815 823
1 816 821
1 817 823
1 818 824
1 819 826
1 820 826
1 821 828
1 822 829
1 823 831
1 824 830
1 825 832
1 826 833
1 827 835
1 828 835
1 829 837
1 830 838
1 831 840
1 832 836
1 833 838
1 834 839
1 835 841
1 836 841
1 837 843
1 838 844
1 839 846
1 840 845
1 841 847
1 842 848
1 843 850
1 844 850
1 845 852
1 846 853
1 847 855
1 848 853
1 849 855
1 850 856
1 851 858
1 852 858
1 853 860
1 854 861
1 855 863
1 856 862
1 857 864
1 858 865
1 859 867
1 860 867
1 861 869
1 862 870
1 863 872
1 864 869
1 865 871
1 866 872
1 867 874
1 868 874
1 869 876
1 870 877
1 871 879
1 872 878
1 873 880
1 874 881
1 875 883
1 876 883
1 877 885
1 878 886
1 879 888
1 880 886
1 881 888
1 882 889
1 883 891
1 884 891
1 885 893
1 886 894
1 887 896
1 888 895
1 889 897
1 890 898
1 891 900
1 892 900
1 893 902
1 894 903
1 895 905
1 896 900
1 897 902
1 898 903
1 899 905
1 900 905
1 901 907
1 902 908
1 903 910
1 904 909
1 905 911
1 906 912
1 907 914
1 908 914
1 909 916
1 910 917
1 911 919
1 912 917
1 913 919
1 914 920
1 915 922
1 916 922
1 917 924
1 918 925
1 919 927
1 920 926
1 921 928
1 922 929
1 923 931
1 924 931
1 925 933
1 926 934
1 927 936
1 928 933
1 929 935
1 930 936
1 931 938
1 932 938
1 933 940
1 934 941
1 935 943
1 936 942
1 937 944
1 938 945
1 939 947
1 940 947
1 941 949
1 942 950
1 943 952
1 944 950
1 945 952
1 946 953
1 947 955
1 948 955
1 949 957
1 950 958
1 951 960
1 952 959
1 953 961
1 954 962
1 955 964
1 956 964
1 957 966
1 958 967
1 959 969
1 960 965
1 961 967
1 962 968
1 963 970
1 964 970
1 965 972
1 966 973
1 967 975
1 968 974
1 969 976
1 970 977
1 971 979
1 972 979
1 973 981
1 974 982
1 975 984
1 976 982
1 977 984
1 978 985
1 979 987
1 980 987
1 981 989
1 982 990
1 983 992
1 984 991
1 985 993
1 986 994
1 987 996
1 988 996
1 989 998
1 990 999
1 991 1
1 992 998
1 993 1000
1 994 1
1 995 3
1 996 3
1 997 5
1 998 6
1 999 8
1 1000 7
1000
21 24 26 29 21 30 20 27 30 26 21 25 23 24 24 22 30 26 29 30 21 30 20 26 24 24 29 29 26 26 23 22 30 24 20 30 24 22 24 21 22 28 30 25 22 26 24 28 28 26 29 22 25 29 30 28 25 29 21 29 24 21 20 21 28 28 22 24 21 29 28 26 29 30 21 30 24 25 21 26 27 25 26 25 28 30 24 30 27 21 22 29 24 26 29 24 27 28 29 26 22 21 21 27 21 29 20 22 24 27 27 25 24 25 20 24 20 22 26 30 26 22 28 26 24 22 28 27 23 28 27 24 20 20 29 29 25 24 21 29 28 20 27 30 22 22 28 24 24 24 25 28 23 27 28 29 22 25 28 28 29 22 25 25 25 24 20 20 22 26 21 23 28 20 27 28 29 25 30 27 30 24 30 29 26 28 22 29 25 30 29 20 26 24 24 25 25 20 24 30 21 20 26 23 22 21 20 23 30 22 30 22 29 20 23 24 30 23 24 23 29 30 30 20 29 23 27 24 25 27 22 20 24 29 20 26 20 20 29 24 25 27 23 21 26 28 27 28 21 21 28 26 22 26 20 23 22 23 28 24 25 20 23 23 29 27 30 26 25 20 30 30 30 27 30 29 22 24 20 24 23 30 22 28 27 26 20 20 22 21 24 20 29 30 27 24 25 20 28 30 22 23 25 24 21 26 22 27 22 28 27 23 23 24 27 22 21 21 25 28 22 28 23 29 26 20 24 21 29 20 26 26 30 28 23 30 23 29 27 24 26 26 22 21 28 23 29 22 28 26 24 29 28 30 20 23 27 23 23 23 24 30 21 29 20 30 28 22 27 22 21 21 22 30 30 26 27 26 23 24 29 27 22 22 30 27 24 23 26 21 21 28 30 28 23 29 28 28 29 28 27 23 26 27 21 22 23 29 26 22 26 29 25 24 25 24 30 20 21 20 24 23 26 23 27 20 20 30 27 29 27 29 25 24 29 25 29 29 22 27 25 30 25 21 22 24 23 22 21 24 28 29 30 27 23 25 24 29 27 25 26 29 23 26 24 26 21 21 25 30 24 27 20 24 28 29 30 30 20 23 22 26 20 26 26 24 23 28 30 23 27 23 29 27 23 28 21 25 24 21 21 25 27 29 21 28 27 20 22 24 25 24 28 23 20 21 24 28 20 25 30 25 27 22 28 21 22 21 28 24 25 22 23 23 28 27 24 30 24 21 23 23 25 23 24 21 25 24 27 24 22 25 26 24 30 25 27 20 23 30 27 27 28 28 25 25 26 20 27 20 22 24 22 20 29 30 27 22 20 25 25 21 20 23 27 28 24 26 28 20 26 21 29 23 21 30 20 22 27 29 22 23 20 30 28 28 22 21 25 29 20 21 23 23 21 24 24 26 21 30 24 25 27 25 26 29 20 29 27 27 22 27 21 24 25 23 30 22 24 23 22 24 24 25 27 25 20 20 24 27 22 30 26 25 30 25 30 22 28 21 24 24 25 27 22 28 24 21 22 28 25 27 28 20 21 27 20 20 22 22 26 29 24 22 25 25 28 27 24 25 22 30 23 25 28 24 25 29 27 21 26 27 22 29 25 26 28 27 27 24 23 23 22 25 24 29 25 22 21 28 27 26 30 23 20 22 20 26 30 28 24 25 20 30 26 20 21 26 25 25 23 29 28 25 29 21 27 27 28 22 22 26 26 30 27 30 28 28 20 28 29 24 30 23 25 26 27 29 27 30 21 29 22 23 27 22 30 28 23 24 30 27 21 29 25 25 30 20 29 23 30 20 26 23 21 29 25 20 20 22 26 23 21 22 29 23 30 26 27 21 20 27 25 20 27 20 26 22 28 21 22 30 29 27 28 30 22 21 22 27 27 22 27 29 29 21 20 30 30 29 24 30 29 21 24 29 20 23 20 22 21 20 27 22 26 30 22 21 26 27 26 24 27 29 30 21 20 30 29 26 22 24 29 21 30 21 28 28 29 30 30 28 23 21 22 30 21 25 29 24 25 23 29 27 30 28 25 27 23 26 25 26 27 30 20 30 25 27 22 25 30 24 22 25 22 27 30 29 21 29 30 23 26 23 28 21 28 21 30 28 20 24 24 29 28 24 24 28 29 21 29 21 23 21 21 30 29 26 22 25 30 21 29 21 20 21 26 22 27 23 27 28 22 22 28 28 22 23 27 24 26 20 21 24 26 22 21 20 29 23 20 29 25 26 30 23 29 23 20 30 24 30 20 29 28 25 30 27 30 22
856 434
524 438
334 965
705 244
298 118
770 728
671 894
649 235
447 267
838 889
679 667
737 334
409 571
415 239
11 415
879 418
219 761
33 333
974 946
859 888
199 986
747 825
87 801
938 592
555 539
148 934
38 195
482 232
455 569
834 881
102 163
96 530
176 703
290 911
722 765
911 748
488 577
58 939
764 995
103 513
425 535
440 826
232 802
460 976
159 770
443 979
377 234
71 299
29 791
243 505
184 809
401 787
92 652
312 179
947 339
134 488
170 182
563 453
81 502
381 984
681 873
325 165
35 121
642 214
479 824
429 115
131 909
185 504
408 823
654 448
506 551
146 222
553 487
794 380
880 321
923 850
659 17
105 537
618 483
930 835
323 783
260 848
988 580
474 317
112 292
919 484
356 304
800 472
523 527
783 895
746 657
56 366
494 336
454 556
318 275
760 69
138 594
745 171
359 795
790 192
536 411
813 68
699 61
388 514
282 9
5 494
283 20
645 734
275 396
472 805
812 603
501 745
420 903
541 641
40 525
967 962
539 465
884 829
457 706
574 991
580 945
769 583
773 286
365 618
931 883
73 780
627 441
256 130
329 880
423 162
88 959
556 221
183 752
15 429
4 54
140 74
177 708
12 576
980 596
311 886
786 961
901 506
407 501
531 291
477 45
286 792
61 640
341 560
727 36
194 43
818 810
559 104
558 685
100 468
37 956
305 364
257 709
943 517
167 779
787 836
62 852
54 205
640 213
17 614
109 392
614 607
130 589
14 197
297 89
160 176
758 637
403 31
446 154
433 557
851 643
951 281
633 686
47 421
49 639
803 1000
693 754
172 324
676 690
753 478
771 842
226 479
742 864
8 149
675 921
528 44
702 144
588 751
941 159
995 284
550 464
308 65
384 531
338 534
66 328
569 621
16 536
815 994
940 2
739 287
328 462
217 64
181 553
398 359
492 480
270 966
573 739
935 682
866 318
893 345
610 49
567 306
837 85
348 347
26 384
662 293
115 78
246 6
694 13
374 470
342 243
677 237
706 797
353 629
606 240
885 337
934 486
370 288
241 386
932 566
873 558
379 249
598 722
542 313
596 605
757 890
845 435
397 724
728 457
732 865
847 879
239 830
917 344
761 771
278 600
733 585
623 437
657 269
978 348
53 134
422 460
624 436
522 952
613 93
824 544
427 363
898 331
906 526
322 931
142 701
518 509
821 900
362 94
187 188
99 419
52 973
960 373
434 957
519 381
437 785
715 126
335 310
345 79
336 985
204 114
792 753
903 926
419 490
394 309
220 489
663 822
406 5
458 50
280 636
581 492
60 21
697 547
206 128
686 808
277 773
816 193
926 77
218 161
905 405
578 409
592 887
703 106
750 14
977 940
91 455
465 75
985 361
688 282
486 157
439 670
944 604
855 845
207 675
371 390
714 450
899 803
840 51
908 548
340 445
784 919
648 644
67 136
735 876
529 170
402 554
18 26
661 764
503 225
291 168
351 870
125 223
721 812
609 515
292 95
161 38
306 532
894 210
203 711
664 866
82 610
736 189
958 62
333 124
251 616
876 963
734 550
230 806
650 88
564 666
832 884
339 302
34 954
268 617
129 320
197 922
809 982
253 353
7 564
1000 408
668 816
242 582
810 980
428 660
315 442
463 290
630 839
744 834
22 597
756 278
549 482
416 774
43 32
583 496
473 695
691 719
850 423
77 567
997 426
75 497
355 230
123 833
883 367
259 71
487 91
562 166
538 365
293 658
952 11
874 311
25 563
502 422
122 766
3 646
925 495
863 285
782 10
968 684
274 46
864 507
69 216
444 417
94 425
575 676
498 206
192 323
600 998
127 212
507 251
641 403
10 175
234 877
678 355
957 360
414 181
831 391
475 177
638 276
998 231
805 22
525 784
173 671
191 327
288 827
344 672
389 828
327 250
367 356
724 681
955 620
45 726
111 397
471 868
238 626
72 456
526 477
126 758
216 63
616 272
467 201
32 588
589 543
300 4
665 108
310 663
224 914
214 449
289 885
320 871
729 252
396 399
594 295
653 878
814 713
752 211
622 831
915 867
269 87
608 498
670 59
972 351
928 523
795 148
904 382
114 898
144 788
897 902
254 762
59 139
854 410
97 312
655 634
70 875
584 623
2 819
865 587
387 838
617 76
23 66
512 720
710 190
265 917
708 242
231 983
337 84
684 151
85 255
639 341
284 837
949 927
64 112
426 731
153 451
233 853
723 116
385 338
629 849
485 379
332 132
537 807
294 645
956 601
196 474
481 918
777 143
687 372
959 300
295 305
135 619
707 727
776 147
309 129
527 258
673 913
413 178
927 111
369 101
720 47
459 570
689 1
695 82
456 511
119 400
741 158
791 993
281 631
545 668
799 988
301 375
411 702
669 340
417 781
228 156
80 374
182 694
272 674
163 700
875 733
504 72
823 800
521 407
499 296
861 262
964 947
701 406
360 454
975 471
748 92
973 625
143 755
591 141
83 34
607 656
994 856
510 599
971 615
730 891
174 721
604 29
576 259
266 814
378 786
841 60
530 383
762 393
514 138
982 218
201 444
438 8
754 476
104 688
933 342
262 395
317 227
582 578
871 261
162 817
560 298
963 847
39 447
380 180
844 565
307 689
793 217
392 744
902 568
700 893
453 27
913 970
991 552
128 398
804 650
279 990
175 540
244 335
493 665
424 679
561 316
808 247
749 228
797 723
704 574
811 512
120 110
267 133
168 937
552 510
946 452
969 741
68 598
151 109
572 203
149 142
892 561
532 997
223 757
611 716
108 140
250 661
229 697
992 648
452 500
6 329
692 775
877 491
490 414
376 238
55 326
830 906
190 978
347 642
391 612
448 264
718 924
835 146
595 654
225 248
872 855
554 301
500 920
543 960
511 524
449 516
848 533
983 307
404 186
364 928
237 737
470 169
924 325
716 127
593 315
568 608
193 840
888 209
819 923
566 756
615 590
252 710
489 332
916 575
451 152
990 972
478 818
375 974
626 370
900 117
599 481
806 99
726 967
150 196
920 219
198 402
954 508
711 3
945 936
937 183
802 458
42 81
867 896
106 73
468 135
590 989
179 528
432 930
137 37
21 475
98 992
682 912
965 821
63 378
249 119
497 352
765 194
918 767
685 804
635 691
147 229
20 846
399 759
50 319
208 732
860 33
36 729
79 915
46 794
869 653
373 122
853 649
579 172
597 389
330 42
258 277
878 503
51 750
255 90
349 955
24 872
247 433
221 469
849 698
346 699
895 769
796 951
368 897
180 595
646 155
271 485
358 843
546 103
235 841
31 39
89 630
418 707
979 173
299 796
210 18
986 932
644 283
431 996
212 655
509 185
862 933
476 80
751 420
188 431
118 15
480 191
910 892
628 254
612 19
132 150
343 538
798 705
326 874
48 714
261 265
788 279
382 184
319 440
393 683
513 746
667 466
178 113
363 467
215 48
881 97
350 308
133 647
620 662
534 270
136 678
984 385
740 899
690 789
950 782
696 52
357 776
145 859
166 274
680 256
520 200
352 233
154 858
296 350
202 131
386 935
366 314
313 371
30 673
90 736
469 41
116 443
731 23
28 25
354 358
996 368
93 968
929 413
921 882
496 55
953 303
683 24
141 322
421 401
287 717
936 901
169 499
321 268
868 273
577 354
462 725
713 730
962 844
605 519
117 763
807 969
631 207
213 125
820 439
263 542
922 718
264 981
276 772
719 236
636 715
987 521
84 187
942 280
245 461
484 793
896 559
767 925
405 204
833 908
839 40
314 520
712 704
698 343
516 28
801 266
435 198
852 820
121 83
743 357
755 742
205 388
828 735
383 7
1 904
912 851
240 638
209 289
107 944
857 105
164 635
621 760
585 747
400 942
779 680
817 428
666 257
637 427
789 174
13 30
445 628
27 768
870 740
110 346
557 692
390 199
976 57
842 294
565 907
78 102
625 798
76 369
372 815
858 164
155 941
189 123
571 430
113 67
152 215
672 664
647 53
827 493
505 522
652 778
508 297
601 632
778 905
822 96
9 167
882 98
674 459
436 964
547 813
57 948
165 253
303 541
461 950
619 953
227 613
886 349
248 463
825 949
660 584
993 330
302 107
887 153
442 260
775 790
548 863
774 606
466 394
65 799
236 977
939 145
285 943
781 633
634 263
491 743
602 12
101 56
222 987
846 669
586 857
158 562
95 777
361 70
395 376
709 712
441 624
544 929
535 958
410 975
759 432
186 202
632 687
780 208
570 693
999 938
412 749
891 220
171 246
948 271
717 58
44 609
909 241
464 416
450 611
651 424
316 622
211 627
551 591
139 999
889 593
587 602
658 581
826 862
914 910
124 245
989 677
961 518
656 377
331 549
430 473
304 696
19 916
41 811
738 35
156 387
643 854
540 579
495 160
74 412
843 832
200 971
772 120
829 446
324 586
890 16
981 362
768 860
86 529
766 546
483 555
603 86
763 861
836 404
533 869
515 226
966 738
517 100
157 137
195 573
907 659
970 545
725 224
273 572
496
1 4 3
1 5 4
1 6 1
1 7 2
1 8 7
1 9 8
1 10 5
1 11 10
1 13 11
1 14 6
1 15 12
1 16 9
1 17 14
1 18 13
1 19 16
1 20 17
1 21 18
1 22 20
1 23 21
1 24 22
1 25 23
1 26 19
1 27 24
1 28 15
1 29 28
1 30 27
1 31 25
1 32 31
1 33 30
1 34 26
1 35 29
1 36 34
1 37 32
1 38 36
1 39 37
1 40 38
1 41 33
1 42 41
1 43 42
1 44 39
1 45 35
1 46 40
1 47 45
1 48 43
1 49 47
1 50 44
1 51 46
1 52 50
1 53 48
1 54 51
1 55 49
1 56 54
1 57 52
1 58 56
1 59 57
1 60 59
1 61 53
1 62 55
1 63 60
1 64 62
1 65 58
1 66 63
1 67 61
1 68 66
1 69 64
1 70 65
1 71 69
1 72 67
1 73 70
1 74 68
1 75 72
1 76 71
1 77 74
1 78 73
1 79 77
1 80 76
1 81 78
1 82 81
1 83 82
1 84 75
1 85 84
1 86 85
1 87 80
1 88 86
1 89 79
1 90 87
1 91 90
1 92 83
1 93 91
1 94 92
1 95 88
1 96 93
1 97 95
1 98 96
1 99 97
1 100 94
1 101 89
1 102 101
1 103 98
1 104 103
1 105 100
1 106 102
1 107 105
1 108 104
1 109 106
1 110 108
1 111 99
1 112 109
1 113 110
1 114 113
1 115 107
1 116 112
1 117 111
1 118 117
1 119 118
1 120 119
1 121 114
1 122 115
1 123 122
1 124 120
1 125 124
1 126 123
1 127 125
1 128 126
1 129 116
1 130 127
1 131 128
1 132 131
1 133 121
1 134 132
1 135 129
1 136 134
1 137 130
1 138 137
1 139 135
1 140 136
1 141 138
1 142 141
1 143 133
1 144 142
1 145 143
1 146 145
1 147 146
1 148 144
1 149 139
1 150 149
1 151 147
1 152 151
1 153 140
1 154 150
1 155 148
1 156 153
1 157 155
1 158 156
1 159 152
1 160 154
1 161 160
1 162 161
1 163 157
1 164 163
1 165 159
1 166 165
1 167 166
1 168 164
1 169 168
1 170 162
1 171 158
1 172 169
1 173 170
1 174 171
1 175 173
1 176 167
1 177 172
1 178 176
1 179 178
1 180 179
1 181 177
1 182 175
1 183 182
1 184 183
1 185 181
1 186 174
1 187 185
1 188 180
1 189 188
1 190 187
1 191 184
1 192 190
1 193 191
1 194 189
1 195 193
1 196 186
1 197 192
1 198 197
1 199 196
1 200 195
1 201 199
1 202 201
1 203 202
1 204 203
1 205 194
1 206 198
1 207 204
1 208 205
1 209 208
1 210 209
1 211 210
1 212 211
1 213 206
1 214 212
1 215 213
1 216 207
1 217 214
1 218 216
1 219 200
1 220 217
1 221 218
1 222 215
1 223 221
1 224 222
1 225 224
1 226 219
1 227 223
1 228 220
1 229 228
1 230 229
1 231 226
1 232 225
1 233 232
1 234 230
1 235 227
1 236 235
1 237 236
1 238 231
1 239 238
1 240 239
1 241 233
1 242 240
1 243 242
1 244 241
1 245 234
1 246 244
1 247 237
1 248 247
1 249 243
1 250 246
1 251 245
1 252 251
1 253 249
1 254 250
1 255 253
1 256 255
1 257 252
1 258 248
1 259 256
1 260 259
1 261 257
1 262 258
1 263 254
1 264 263
1 265 261
1 266 262
1 267 264
1 268 266
1 269 268
1 270 265
1 271 269
1 272 267
1 273 270
1 274 260
1 275 274
1 276 271
1 277 273
1 278 276
1 279 272
1 280 279
1 281 277
1 282 281
1 283 275
1 284 278
1 285 280
1 286 283
1 287 286
1 288 287
1 289 288
1 290 284
1 291 282
1 292 291
1 293 290
1 294 289
1 295 292
1 296 293
1 297 294
1 298 285
1 299 295
1 300 299
1 301 300
1 302 301
1 303 296
1 304 303
1 305 304
1 306 302
1 307 298
1 308 305
1 309 297
1 310 309
1 311 310
1 312 307
1 313 306
1 314 312
1 315 311
1 316 308
1 317 313
1 318 316
1 319 318
1 320 317
1 321 314
1 322 315
1 323 319
1 324 323
1 325 321
1 326 320
1 327 322
1 328 324
1 329 325
1 330 329
1 331 327
1 332 330
1 333 326
1 334 331
1 335 334
1 336 333
1 337 336
1 338 337
1 339 332
1 340 335
1 341 328
1 342 341
1 343 340
1 344 338
1 345 344
1 346 339
1 347 342
1 348 345
1 349 343
1 350 346
1 351 347
1 352 350
1 353 351
1 354 352
1 355 349
1 356 355
1 357 348
1 358 357
1 359 358
1 360 353
1 361 354
1 362 360
1 363 356
1 364 363
1 365 362
1 366 361
1 367 364
1 368 359
1 369 366
1 370 365
1 371 367
1 372 369
1 373 371
1 374 372
1 375 373
1 376 370
1 377 368
1 378 375
1 379 377
1 380 378
1 381 380
1 382 376
1 383 374
1 384 382
1 385 381
1 386 383
1 387 379
1 388 387
1 389 388
1 390 389
1 391 385
1 392 386
1 393 391
1 394 390
1 395 384
1 396 394
1 397 392
1 398 397
1 399 396
1 400 399
1 401 395
1 402 398
1 403 402
1 404 393
1 405 401
1 406 400
1 407 406
1 408 407
1 409 403
1 410 404
1 411 410
1 412 409
1 413 411
1 414 413
1 415 412
1 416 405
1 417 415
1 418 416
1 419 414
1 420 419
1 421 420
1 422 421
1 423 418
1 424 423
1 425 408
1 426 425
1 427 422
1 428 427
1 429 426
1 430 429
1 431 428
1 432 430
1 433 431
1 434 432
1 435 434
1 436 433
1 437 424
1 438 435
1 439 438
1 440 436
1 441 437
1 442 417
1 443 440
1 444 443
1 445 441
1 446 445
1 447 442
1 448 439
1 449 447
1 450 446
1 451 450
1 452 444
1 453 449
1 454 453
1 455 452
1 456 454
1 457 451
1 458 455
1 459 458
1 460 456
1 461 457
1 462 460
1 463 448
1 464 459
1 465 461
1 466 463
1 467 465
1 468 467
1 469 462
1 470 469
1 471 466
1 472 464
1 473 471
1 474 470
1 475 474
1 476 472
1 477 475
1 478 473
1 479 476
1 480 479
1 481 480
1 482 468
1 483 482
1 484 481
1 485 483
1 486 484
1 487 478
1 488 477
1 489 485
1 490 488
1 491 486
1 492 489
1 493 491
1 494 487
1 495 493
1 496 495
1 497 492
1 498 494
1 499 497
1 500 496
1000
27 25 30 30 25 28 28 28 28 26 27 26 30 30 25 28 29 27 25 30 26 28 29 30 26 27 26 25 28 28 28 30 27 27 29 28 27 29 30 29 25 30 25 30 28 29 29 26 29 29 28 25 29 27 30 29 28 27 28 26 26 26 27 27 25 30 27 26 28 30 30 25 29 26 27 28 30 25 27 28 25 26 30 29 28 25 27 28 26 28 28 25 30 26 30 29 29 28 26 28 28 27 29 26 27 28 29 25 28 29 30 25 26 30 26 30 27 27 27 27 30 28 27 29 27 26 27 30 29 25 28 30 26 29 29 27 30 28 28 26 27 27 27 27 26 27 26 28 27 25 29 25 25 29 25 26 27 27 28 27 28 26 27 30 28 27 29 26 30 25 28 30 26 29 29 27 25 28 25 29 28 30 26 29 30 25 27 28 30 28 30 26 27 27 26 28 27 25 26 28 26 25 27 26 27 28 28 28 27 30 26 26 29 30 28 26 29 30 28 30 28 26 27 28 26 26 28 27 26 26 29 30 30 30 28 26 27 27 28 27 26 26 28 28 30 29 26 25 27 25 25 25 30 25 25 28 28 25 28 26 26 26 25 29 28 26 26 29 26 29 26 25 27 27 25 30 28 28 26 30 25 28 27 29 28 26 30 25 26 29 25 28 26 28 29 25 28 29 30 28 27 28 25 26 26 25 25 25 29 27 28 26 25 29 28 25 28 30 30 26 28 27 28 25 26 26 28 25 27 30 29 25 30 28 26 26 27 30 25 29 29 30 27 29 27 26 27 25 30 29 25 26 28 29 26 30 28 25 28 25 27 30 28 28 25 27 28 30 27 30 30 29 30 29 28 27 28 26 30 30 30 30 27 25 29 30 28 30 25 27 30 25 27 27 27 25 27 25 27 26 29 26 25 29 25 28 29 26 28 30 28 27 29 25 28 25 30 27 26 28 26 29 30 27 29 25 29 25 30 25 25 27 26 25 27 27 29 25 30 25 27 26 27 25 25 25 27 29 28 27 28 26 27 25 27 29 25 28 30 25 25 27 30 30 30 29 26 30 25 27 29 26 28 27 28 26 28 30 29 28 25 30 27 26 29 30 28 30 30 26 30 25 25 28 27 25 26 25 26 26 26 28 28 29 27 25 29 25 29 30 26 30 29 28 29 28 28 26 28 25 28 29 26 25 25 29 26 26 28 26 29 28 29 27 29 28 27 25 30 29 29 27 29 29 28 25 26 29 27 29 29 27 26 29 29 30 26 25 27 27 28 28 25 30 27 27 27 27 30 29 26 26 28 26 25 27 27 30 27 29 27 26 29 25 29 28 29 28 26 29 28 29 29 30 28 26 26 27 30 27 26 29 29 27 27 30 25 27 27 28 30 28 26 25 26 29 26 27 28 29 25 30 30 25 25 28 25 26 28 29 29 27 26 29 29 26 26 27 25 27 25 27 26 28 29 29 28 26 26 29 29 28 25 28 30 28 25 28 27 27 28 30 29 30 30 29 25 29 25 27 25 30 30 26 27 27 28 29 28 28 30 26 25 26 30 25 26 25 25 25 27 30 28 27 28 28 27 29 26 30 28 29 29 26 25 27 25 26 28 26 30 25 26 29 28 30 29 29 25 25 30 30 28 26 27 29 29 28 29 25 26 28 26 28 30 27 28 26 30 29 27 27 30 28 27 27 28 29 27 26 25 29 30 29 27 30 26 25 27 30 29 27 29 25 25 25 26 26 29 26 25 25 30 26 27 29 26 29 25 28 27 30 28 27 30 25 27 29 25 25 30 25 27 29 26 26 28 25 27 28 29 25 30 27 29 29 26 25 27 27 29 25 30 27 28 29 26 30 27 30 30 30 27 29 29 28 29 27 28 27 30 30 28 28 29 28 28 29 28 26 27 28 28 29 25 26 26 29 27 27 26 30 25 28 27 28 30 27 26 30 30 29 27 29 30 25 29 28 29 29 25 28 26 28 28 25 26 29 25 27 25 30 27 30 29 28 27 29 26 30 27 28 28 27 26 30 29 29 25 25 28 26 28 30 25 27 30 30 30 30 27 25 30 30 25 28 28 25 30 26 27 25 29 30 30 29 30 25 30 26 29 30 29 25 30 27 27 30 27 29 30 28 28 27 25 27 27 28 28 29 27 25 26 28 25 29 26 25 30 28 30 29 26 30 27 28 29 30 27 25 26 25 30 27 29 27 25 30 28 30 28 25 26 30 30 27 27 26 30 29 26 30 29 25 28 28 28 27 28 27
772 529
572 59
692 470
701 930
627 415
597 978
269 136
562 692
56 198
322 770
549 461
630 959
125 839
676 256
975 722
407 64
914 541
700 684
242 100
159 249
294 18
418 330
636 824
348 997
596 141
8 876
585 54
63 447
781 957
827 479
280 511
90 593
340 992
424 732
942 932
33 253
528 636
863 15
487 251
43 458
856 844
556 707
9 380
301 517
882 607
74 236
945 616
947 51
475 854
73 637
335 793
612 27
609 180
346 390
304 777
161 111
783 163
206 475
993 351
706 812
894 865
899 638
264 533
430 569
754 48
39 736
46 923
733 730
152 8
147 490
843 342
520 941
622 404
583 84
485 42
411 244
186 260
624 963
741 987
223 305
108 827
205 795
803 250
586 90
861 398
732 981
143 612
858 288
20 222
375 321
224 235
471 713
106 481
332 972
566 712
136 995
492 283
144 985
730 394
288 524
196 228
759 602
886 928
185 983
818 802
561 294
831 964
523 656
409 898
252 147
955 774
201 334
468 291
739 882
658 91
110 255
216 951
834 93
61 611
341 831
472 910
551 718
26 373
867 387
974 488
54 303
938 743
836 49
534 245
208 762
567 965
261 450
169 542
768 698
72 10
270 683
48 34
797 296
123 623
530 381
202 632
173 320
34 606
696 605
183 401
1 213
751 82
671 768
591 115
531 947
790 897
565 259
97 622
449 157
918 585
104 819
279 423
560 962
328 86
100 546
546 495
190 128
181 582
32 998
749 850
750 152
51 836
27 952
505 293
683 738
128 174
801 248
329 804
302 405
163 14
311 75
682 88
832 445
640 400
902 694
833 36
309 989
998 208
13 486
66 771
365 125
155 733
805 358
55 500
2 354
643 916
141 883
417 791
653 520
809 512
582 769
848 353
197 881
180 399
71 835
791 85
654 641
493 734
364 412
476 902
535 716
405 188
278 483
225 888
600 757
971 948
557 853
841 825
40 492
500 986
380 459
41 289
598 73
88 515
721 917
103 45
194 855
160 895
718 727
991 323
990 856
927 873
230 421
423 416
723 360
80 911
763 224
764 714
543 866
944 194
419 657
626 324
667 627
18 32
634 909
674 156
415 35
603 767
408 465
395 510
860 784
87 277
412 112
513 58
212 969
508 41
883 308
922 206
379 102
684 409
651 252
6 315
529 750
925 67
853 453
331 721
381 114
979 142
98 583
606 643
363 50
511 696
361 290
956 322
607 869
907 739
731 155
241 161
244 110
483 361
981 896
320 559
948 124
122 497
342 682
921 11
727 424
130 129
578 961
457 262
507 552
36 509
168 411
89 519
735 624
107 496
345 392
232 105
983 292
657 823
462 6
15 406
849 480
217 789
256 597
154 379
433 233
845 366
678 131
704 880
265 133
324 217
219 560
592 507
737 760
460 456
254 225
174 21
247 663
699 98
198 717
526 76
679 775
617 527
608 501
362 610
649 265
231 410
804 275
740 422
149 642
712 87
663 223
200 558
828 499
669 994
191 803
917 568
221 197
960 557
744 165
171 469
525 956
573 349
670 565
273 668
691 764
755 94
992 919
23 135
903 715
795 446
926 993
3 797
334 590
752 280
137 473
988 814
326 621
258 745
402 31
52 807
647 792
923 414
852 241
422 562
446 184
638 316
399 65
1000 126
814 345
99 966
325 347
916 313
164 365
58 211
440 284
102 121
482 452
425 68
931 782
497 887
887 162
846 871
172 403
756 945
227 805
550 859
539 202
333 664
287 651
203 107
728 725
69 851
968 269
822 191
282 706
537 594
838 513
432 435
439 16
338 44
659 833
726 466
499 615
527 634
243 531
495 433
509 298
228 555
579 60
162 815
786 385
463 3
619 652
239 645
720 314
234 755
377 809
65 460
774 420
443 164
524 608
771 728
240 973
175 254
694 936
784 367
594 669
502 837
473 89
778 661
390 384
920 829
593 677
290 939
817 297
747 711
398 773
879 564
959 754
570 175
286 676
233 650
253 999
496 516
743 494
690 196
782 640
115 122
455 838
980 257
666 30
94 977
474 703
126 395
427 598
135 648
414 43
129 942
142 752
195 710
936 826
387 331
909 56
428 340
92 272
291 864
384 566
450 287
410 182
758 326
297 870
824 52
448 575
267 655
710 890
369 183
725 525
584 737
568 551
614 203
37 505
854 933
79 908
580 666
479 620
799 104
134 368
621 518
314 391
866 545
870 776
442 53
211 37
816 167
238 587
30 408
901 960
343 449
935 185
337 979
891 397
383 685
982 270
373 268
218 5
660 991
306 146
939 619
851 830
620 680
101 97
777 886
11 101
382 57
554 153
370 958
25 437
766 885
319 238
47 332
349 80
285 166
703 318
950 821
62 454
179 625
655 285
111 344
668 148
222 840
664 526
689 693
984 968
632 150
355 352
542 934
987 937
21 578
339 731
972 502
413 199
829 264
645 576
637 832
263 372
327 337
5 842
695 528
459 915
552 172
547 761
798 498
429 861
708 857
426 903
378 489
312 592
788 120
120 532
722 333
544 796
878 925
802 189
941 474
272 428
623 307
952 538
884 336
970 66
113 168
563 389
837 631
374 171
928 339
757 841
235 239
466 7
517 327
10 931
976 662
488 654
347 484
943 690
358 431
932 798
461 573
625 967
255 227
118 901
77 106
372 74
352 709
376 186
354 571
880 325
571 544
393 758
965 984
371 600
276 311
873 872
588 209
187 261
811 686
385 62
182 943
913 143
545 229
283 455
839 630
356 702
295 503
93 130
548 24
826 471
105 875
973 644
501 574
644 626
67 17
806 29
215 920
445 144
389 276
336 363
569 425
734 299
855 79
167 647
977 889
808 584
929 442
825 846
680 13
652 536
767 749
705 577
842 674
204 117
967 599
83 521
581 765
14 55
480 744
746 46
628 230
289 396
353 847
865 629
738 9
911 756
431 603
576 193
890 457
810 858
260 628
386 374
575 950
962 448
246 906
404 83
711 214
451 740
259 113
199 990
760 604
321 200
132 477
438 790
131 177
81 151
368 726
133 595
876 982
859 596
533 25
166 149
821 413
707 671
403 550
823 800
138 139
964 848
308 371
91 306
303 878
213 300
139 766
888 103
53 801
275 39
494 783
158 472
96 375
997 463
434 697
220 946
188 554
574 302
681 506
421 47
796 137
978 893
209 158
452 169
145 282
951 436
444 2
237 145
82 787
28 281
633 794
64 788
601 687
919 364
357 19
489 417
401 237
522 567
555 226
540 708
170 362
794 378
86 434
881 138
753 548
257 862
729 92
271 482
516 109
702 695
785 319
391 231
813 781
807 134
498 267
350 701
840 892
850 192
819 38
519 539
953 240
559 955
937 779
68 976
541 924
192 81
140 601
616 849
42 786
469 868
114 522
484 799
930 462
897 468
713 534
481 929
305 212
698 874
318 980
251 295
792 808
177 926
515 393
29 860
60 154
742 218
4 187
512 591
116 813
896 179
961 273
189 514
872 700
24 735
762 221
226 432
400 907
761 523
688 63
748 440
119 816
871 609
673 581
292 301
392 119
885 341
864 672
366 914
262 376
293 279
912 71
397 828
587 317
656 70
985 753
716 699
313 843
150 834
613 343
553 543
124 751
709 118
969 996
915 659
697 678
745 724
590 382
406 181
148 867
908 547
773 77
31 23
954 304
776 247
610 286
85 852
153 159
45 386
940 72
946 665
641 535
635 588
229 258
820 132
281 572
491 232
629 748
868 266
800 954
769 759
665 426
274 348
156 646
330 309
650 918
351 817
521 660
675 234
693 427
146 653
35 338
284 271
599 438
165 940
504 328
298 884
615 570
207 820
70 691
315 927
639 913
193 220
604 618
464 806
506 4
904 742
112 123
994 811
933 439
589 970
344 478
84 176
538 670
995 419
714 242
266 441
420 69
736 537
898 818
19 589
895 355
719 356
316 140
437 877
157 563
789 988
454 912
394 763
17 675
176 633
367 705
724 617
388 370
905 178
12 383
963 487
686 246
503 904
249 170
874 430
59 614
595 891
477 561
441 210
359 540
812 108
514 312
815 935
558 95
780 747
787 61
456 467
78 953
687 905
236 704
646 863
892 116
717 429
715 274
775 216
486 667
117 556
793 350
672 173
765 205
317 688
465 894
835 635
75 586
7 493
447 377
847 402
830 649
490 639
210 346
49 96
957 689
467 504
296 451
605 553
900 720
518 746
999 899
862 673
989 207
966 921
779 28
50 204
618 922
611 785
577 485
986 418
44 772
924 444
268 729
532 810
510 508
300 215
906 263
602 243
453 741
875 201
910 443
323 658
299 975
214 160
416 679
949 579
307 723
478 99
889 40
642 681
844 1000
76 190
310 388
648 464
436 12
178 530
877 33
661 491
245 613
109 335
57 310
631 822
685 476
677 26
458 407
536 974
770 780
893 329
470 219
662 778
277 949
934 22
360 369
38 357
22 879
16 127
121 195
869 1
151 900
95 278
857 845
248 78
184 971
127 580
564 719
396 938
250 549
435 944
996 359
1000
1 1 958
1 213 370
1 869 388
1 300 310
1 607 57
1 215 382
1 882 590
1 920 334
1 739 201
1 829 875
1 907 105
1 264 232
1 400 491
1 533 661
1 640 778
1 25 662
1 782 976
1 437 68
1 931 425
1 877 569
1 10 430
1 33 874
1 72 698
1 253 768
1 940 671
1 999 707
1 165 556
1 899 117
1 744 204
1 638 50
1 480 363
1 316 336
1 849 884
1 140 298
1 616 509
1 601 36
1 945 833
1 687 659
1 756 915
1 905 459
1 911 380
1 178 9
1 80 738
1 530 683
1 349 270
1 381 982
1 573 876
1 114 8
1 461 152
1 522 750
1 549 529
1 567 772
1 250 44
1 965 338
1 803 35
1 984 415
1 191 627
1 968 667
1 822 486
1 269 13
1 631 680
1 136 620
1 837 479
1 995 827
1 502 108
1 419 812
1 972 706
1 657 282
1 332 145
1 823 237
1 47 401
1 800 183
1 421 369
1 954 360
1 230 723
1 304 307
1 628 623
1 777 123
1 260 112
1 886 412
1 186 364
1 928 919
1 376 992
1 339 340
1 262 428
1 731 272
1 457 92
1 155 729
1 890 268
1 733 373
1 710 26
1 730 677
1 195 593
1 394 90
1 121 586
1 763 75
1 102 311
1 224 276
1 379 389
1 235 563
1 154 157
1 239 449
1 60 343
1 645 613
1 579 245
1 576 534
1 949 713
1 193 471
1 277 826
1 220 936
1 87 694
1 946 902
1 712 476
1 665 685
1 566 383
1 426 12
1 384 436
1 903 951
1 390 216
1 715 775
1 346 679
1 274 416
1 210 423
1 348 279
1 441 293
1 997 505
1 266 37
1 463 211
1 868 58
1 3 513
1 469 838
1 797 455
1 171 283
1 296 492
1 374 40
1 451 889
1 386 977
1 740 94
1 45 755
1 422 234
1 103 675
1 562 17
1 888 67
1 692 925
1 225 878
1 470 303
1 254 54
1 219 585
1 175 918
1 560 650
1 570 233
1 962 433
1 615 495
1 448 546
1 499 100
1 575 242
1 828 714
1 950 764
1 397 691
1 821 70
1 891 656
1 413 523
1 595 761
1 199 547
1 133 908
1 990 79
1 265 855
1 856 194
1 649 944
1 844 435
1 830 432
1 1000 226
1 851 555
1 126 228
1 69 196
1 395 690
1 420 943
1 510 182
1 774 410
1 508 231
1 955 391
1 41 314
1 559 720
1 289 900
1 320 151
1 396 81
1 173 192
1 938 850
1 672 749
1 743 767
1 864 603
1 494 431
1 291 358
1 783 805
1 468 227
1 163 255
1 897 110
1 14 244
1 790 411
1 55 168
1 438 113
1 500 259
1 599 565
1 986 670
1 967 538
1 418 952
1 625 27
1 330 612
1 179 143
1 309 913
1 896 639
1 989 490
1 981 147
1 207 252
1 732 651
1 820 287
1 424 450
1 132 261
1 727 187
1 477 20
1 718 4
1 561 222
1 551 506
1 294 840
1 568 681
1 18 892
1 917 642
1 32 116
1 721 149
1 998 813
1 331 166
1 208 781
1 387 285
1 762 957
1 867 655
1 221 689
1 148 267
1 197 693
1 668 498
1 881 427
1 273 798
1 138 598
1 961 932
1 139 73
1 578 942
1 766 637
1 21 129
1 885 832
1 174 130
1 341 445
1 128 93
1 831 144
1 190 834
1 964 985
1 76 150
1 848 753
1 526 632
1 353 548
1 664 202
1 847 24
1 333 539
1 402 735
1 722 519
1 31 624
1 975 89
1 23 963
1 299 473
1 135 487
1 734 137
1 648 251
1 493 796
1 464 295
1 7 544
1 806 503
1 466 571
1 29 904
1 726 354
1 860 742
1 368 2
1 784 218
1 134 444
1 367 5
1 807 924
1 705 842
1 52 541
1 577 674
1 824 914
1 485 156
1 636 366
1 42 646
1 528 845
1 786 863
1 695 857
1 385 15
1 702 708
1 62 406
1 356 540
1 454 181
1 719 359
1 912 582
1 564 996
1 71 769
1 879 969
1 835 759
1 22 212
1 635 602
1 934 305
1 588 243
1 542 223
1 209 531
1 169 663
1 158 947
1 452 247
1 472 51
1 482 776
1 910 836
1 271 870
1 443 49
1 284 297
1 164 96
1 440 817
1 365 375
1 748 351
1 125 321
1 629 993
1 839 200
1 865 926
1 630 558
1 894 177
1 959 95
1 465 131
1 754 278
1 408 678
1 48 483
1 30 697
1 34 361
1 666 434
1 606 290
1 580 86
1 643 939
1 127 328
1 916 619
1 16 504
1 313 652
1 439 467
1 843 536
1 933 456
1 342 974
1 854 460
1 682 488
1 475 65
1 88 654
1 206 399
1 515 641
1 922 180
1 393 535
1 618 609
1 758 716
1 604 871
1 326 699
1 760 846
1 621 98
1 737 825
1 518 583
1 584 841
1 746 84
1 808 757
1 46 176
1 792 600
1 923 633
1 647 371
1 414 794
1 167 308
1 43 378
1 816 883
1 458 489
1 119 141
1 407 417
1 392 596
1 64 791
1 345 859
1 788 85
1 814 550
1 120 852
1 988 403
1 532 241
1 789 172
1 810 161
1 217 552
1 858 111
1 324 507
1 288 344
1 626 592
1 524 478
1 644 312
1 608 99
1 973 514
1 501 966
1 240 189
1 574 921
1 953 802
1 302 11
1 78 818
1 405 101
1 248 898
1 188 97
1 801 409
1 554 622
1 53 684
1 153 404
1 442 700
1 159 83
1 929 872
1 249 521
1 481 873
1 170 660
1 106 927
1 362 991
1 77 315
1 610 323
1 773 6
1 286 658
1 398 462
1 676 91
1 861 930
1 256 306
1 429 701
1 597 146
1 717 350
1 978 653
1 198 793
1 893 520
1 56 335
1 329 941
1 909 109
1 804 474
1 634 516
1 275 703
1 527 496
1 39 318
1 617 107
1 736 980
1 724 203
1 537 257
1 745 614
1 594 862
1 258 59
1 669 673
1 229 572
1 994 581
1 545 281
1 811 765
1 866 28
1 686 205
1 543 779
1 246 795
1 553 937
1 906 446
1 605 987
1 263 184
1 696 741
1 372 971
1 511 453
1 74 948
1 280 853
1 236 124
1 752 557
1 704 751
1 142 960
1 880 82
1 979 901
1 325 787
1 337 118
1 347 61
1 327 709
1 484 611
1 517 352
1 799 785
1 301 355
1 104 319
1 292 895
1 819 238
1 983 160
1 38 587
1 185 214
1 357 317
1 935 711
1 19 688
1 815 747
1 589 63
1 162 780
1 970 447
1 887 770
1 66 377
1 497 322
1 771 809
1 122 956
1 728 512
1 115 525
1 725 591
1 591 725
1 525 115
1 512 728
1 956 122
1 809 771
1 322 497
1 377 66
1 770 887
1 447 970
1 780 162
1 63 589
1 747 815
1 688 19
1 711 935
1 317 357
1 214 185
1 587 38
1 160 983
1 238 819
1 895 292
1 319 104
1 355 301
1 785 799
1 352 517
1 611 484
1 709 327
1 61 347
1 118 337
1 787 325
1 901 979
1 82 880
1 960 142
1 751 704
1 557 752
1 124 236
1 853 280
1 948 74
1 453 511
1 971 372
1 741 696
1 184 263
1 987 605
1 446 906
1 937 553
1 795 246
1 779 543
1 205 686
1 28 866
1 765 811
1 281 545
1 581 994
1 572 229
1 673 669
1 59 258
1 862 594
1 614 745
1 257 537
1 203 724
1 980 736
1 107 617
1 318 39
1 496 527
1 703 275
1 516 634
1 474 804
1 109 909
1 941 329
1 335 56
1 520 893
1 793 198
1 653 978
1 350 717
1 146 597
1 701 429
1 306 256
1 930 861
1 91 676
1 462 398
1 658 286
1 6 773
1 323 610
1 315 77
1 991 362
1 927 106
1 660 170
1 873 481
1 521 249
1 872 929
1 83 159
1 700 442
1 404 153
1 684 53
1 622 554
1 409 801
1 97 188
1 898 248
1 101 405
1 818 78
1 11 302
1 802 953
1 921 574
1 189 240
1 966 501
1 514 973
1 99 608
1 312 644
1 478 524
1 592 626
1 344 288
1 507 324
1 111 858
1 552 217
1 161 810
1 172 789
1 241 532
1 403 988
1 852 120
1 550 814
1 85 788
1 859 345
1 791 64
1 596 392
1 417 407
1 141 119
1 489 458
1 883 816
1 378 43
1 308 167
1 794 414
1 371 647
1 633 923
1 600 792
1 176 46
1 757 808
1 84 746
1 841 584
1 583 518
1 825 737
1 98 621
1 846 760
1 699 326
1 871 604
1 716 758
1 609 618
1 535 393
1 180 922
1 641 515
1 399 206
1 654 88
1 65 475
1 488 682
1 460 854
1 974 342
1 456 933
1 536 843
1 467 439
1 652 313
1 504 16
1 619 916
1 328 127
1 939 643
1 86 580
1 290 606
1 434 666
1 361 34
1 697 30
1 483 48
1 678 408
1 278 754
1 131 465
1 95 959
1 177 894
1 558 630
1 926 865
1 200 839
1 993 629
1 321 125
1 351 748
1 375 365
1 817 440
1 96 164
1 297 284
1 49 443
1 870 271
1 836 910
1 776 482
1 51 472
1 247 452
1 947 158
1 663 169
1 531 209
1 223 542
1 243 588
1 305 934
1 602 635
1 212 22
1 759 835
1 969 879
1 769 71
1 996 564
1 582 912
1 359 719
1 181 454
1 540 356
1 406 62
1 708 702
1 15 385
1 857 695
1 863 786
1 845 528
1 646 42
1 366 636
1 156 485
1 914 824
1 674 577
1 541 52
1 842 705
1 924 807
1 5 367
1 444 134
1 218 784
1 2 368
1 742 860
1 354 726
1 904 29
1 571 466
1 503 806
1 544 7
1 295 464
1 796 493
1 251 648
1 137 734
1 487 135
1 473 299
1 963 23
1 89 975
1 624 31
1 519 722
1 735 402
1 539 333
1 24 847
1 202 664
1 548 353
1 632 526
1 753 848
1 150 76
1 985 964
1 834 190
1 144 831
1 93 128
1 445 341
1 130 174
1 832 885
1 129 21
1 637 766
1 942 578
1 73 139
1 932 961
1 598 138
1 798 273
1 427 881
1 498 668
1 693 197
1 267 148
1 689 221
1 655 867
1 957 762
1 285 387
1 781 208
1 166 331
1 813 998
1 149 721
1 116 32
1 642 917
1 892 18
1 681 568
1 840 294
1 506 551
1 222 561
1 4 718
1 20 477
1 187 727
1 261 132
1 450 424
1 287 820
1 651 732
1 252 207
1 147 981
1 490 989
1 639 896
1 913 309
1 143 179
1 612 330
1 27 625
1 952 418
1 538 967
1 670 986
1 565 599
1 259 500
1 113 438
1 168 55
1 411 790
1 244 14
1 110 897
1 255 163
1 227 468
1 805 783
1 358 291
1 431 494
1 603 864
1 767 743
1 749 672
1 850 938
1 192 173
1 81 396
1 151 320
1 900 289
1 720 559
1 314 41
1 391 955
1 231 508
1 410 774
1 182 510
1 943 420
1 690 395
1 196 69
1 228 126
1 555 851
1 226 1000
1 432 830
1 435 844
1 944 649
1 194 856
1 855 265
1 79 990
1 908 133
1 547 199
1 761 595
1 523 413
1 656 891
1 70 821
1 691 397
1 764 950
1 714 828
1 242 575
1 100 499
1 546 448
1 495 615
1 433 962
1 233 570
1 650 560
1 918 175
1 585 219
1 54 254
1 303 470
1 878 225
1 925 692
1 67 888
1 17 562
1 675 103
1 234 422
1 755 45
1 94 740
1 977 386
1 889 451
1 40 374
1 492 296
1 283 171
1 455 797
1 838 469
1 513 3
1 58 868
1 211 463
1 37 266
1 505 997
1 293 441
1 279 348
1 423 210
1 416 274
1 679 346
1 775 715
1 216 390
1 951 903
1 436 384
1 12 426
1 383 566
1 685 665
1 476 712
1 902 946
1 694 87
1 936 220
1 826 277
1 471 193
1 713 949
1 534 576
1 245 579
1 613 645
1 343 60
1 449 239
1 157 154
1 563 235
1 389 379
1 276 224
1 311 102
1 75 763
1 586 121
1 90 394
1 593 195
1 677 730
1 26 710
1 373 733
1 268 890
1 729 155
1 92 457
1 272 731
1 428 262
1 340 339
1 992 376
1 919 928
1 364 186
1 412 886
1 112 260
1 123 777
1 623 628
1 307 304
1 723 230
1 360 954
1 369 421
1 183 800
1 401 47
1 237 823
1 145 332
1 282 657
1 706 972
1 812 419
1 108 502
1 827 995
1 479 837
1 620 136
1 680 631
1 13 269
1 486 822
1 667 968
1 627 191
1 415 984
1 35 803
1 338 965
1 44 250
1 772 567
1 529 549
1 750 522
1 152 461
1 8 114
1 876 573
1 982 381
1 270 349
1 683 530
1 738 80
1 9 178
1 380 911
1 459 905
1 915 756
1 659 687
1 833 945
1 36 601
1 509 616
1 298 140
1 884 849
1 336 316
1 363 480
1 50 638
1 204 744
1 117 899
1 556 165
1 707 999
1 671 940
1 768 253
1 698 72
1 874 33
1 430 10
1 569 877
1 425 931
1 68 437
1 976 782
1 662 25
1 778 640
1 661 533
1 491 400
1 232 264
1 105 907
1 875 829
1 201 739
1 334 920
1 590 882
1 382 215
1 57 607
1 310 300
1 388 869
1 370 213
1 958 1
1000
12 20 7 13 22 21 14 20 24 22 21 28 8 24 18 9 20 18 20 27 23 18 27 10 2 1 10 27 22 19 24 11 28 12 30 13 24 16 2 18 12 16 24 22 20 2 16 16 2 10 27 24 15 7 19 21 14 14 22 8 19 18 6 11 3 28 18 28 17 21 28 26 15 14 19 14 1 15 15 29 23 9 3 6 4 17 23 27 7 7 26 12 19 22 15 23 3 21 13 10 14 17 11 8 17 2 3 27 15 23 27 6 1 25 15 19 19 4 28 22 1 5 11 4 29 12 8 20 19 7 1 12 11 11 6 16 18 14 27 11 19 22 7 19 23 22 17 4 5 20 18 28 12 2 1 28 6 24 14 14 8 26 29 6 10 6 13 22 21 9 25 17 24 5 11 20 23 6 26 28 10 12 5 10 25 5 22 21 21 25 17 16 18 21 28 2 19 7 28 14 22 17 10 2 7 9 11 16 15 30 27 19 3 21 15 22 9 12 27 14 4 10 22 27 17 30 29 28 14 5 5 29 14 18 5 3 6 23 26 12 7 30 19 4 12 14 9 30 3 26 12 21 26 8 10 3 7 14 30 26 14 27 18 5 13 16 15 22 17 21 30 4 3 12 22 3 20 13 8 27 15 21 25 26 26 29 26 19 26 27 23 13 20 16 26 7 9 3 22 10 15 25 5 13 27 30 13 9 27 8 1 4 24 5 6 28 29 8 28 7 12 6 5 23 8 23 7 28 6 14 12 23 4 27 23 12 28 5 3 26 2 26 13 22 14 12 16 25 10 11 17 3 5 19 14 18 18 26 27 17 4 15 12 5 22 28 19 25 2 19 1 29 19 26 9 25 22 29 8 11 29 7 21 15 3 14 7 18 1 15 2 1 30 22 8 11 17 4 21 27 27 11 23 30 25 18 14 7 3 20 2 12 11 4 19 20 26 5 20 16 21 19 10 21 27 10 3 13 8 14 2 17 27 7 19 25 23 20 2 14 4 27 14 28 25 22 24 24 13 12 17 17 26 5 8 9 27 7 8 16 10 24 20 15 28 1 4 6 16 27 3 13 28 25 20 4 7 24 13 8 30 5 5 30 25 4 2 10 9 8 10 27 23 24 19 22 22 11 22 15 8 11 2 27 11 1 7 26 5 30 4 28 2 20 3 27 18 25 21 20 8 24 21 6 17 28 19 15 26 13 17 2 26 30 11 2 16 15 28 11 22 25 8 17 14 30 19 29 20 23 8 4 7 4 20 14 12 9 12 9 5 25 18 22 5 28 16 17 30 20 17 18 8 2 10 20 13 21 12 17 8 22 23 22 29 6 13 11 4 22 7 5 14 5 12 25 27 17 15 8 10 18 30 21 29 17 28 26 27 13 2 1 7 27 19 7 1 13 25 24 17 8 5 2 3 25 9 28 5 16 19 20 13 19 1 17 8 25 20 21 25 12 29 10 23 5 1 3 8 17 4 2 22 11 17 17 9 18 30 13 24 25 15 5 2 17 3 3 11 2 27 3 6 10 13 21 20 13 8 16 3 9 11 20 14 14 12 27 30 25 3 9 23 7 20 2 13 20 16 30 3 16 5 18 13 23 19 30 11 24 1 14 18 10 14 28 8 20 26 13 27 22 10 26 19 24 11 8 1 13 22 28 23 22 30 25 4 30 18 2 10 12 7 23 16 16 5 1 10 11 7 15 7 23 11 4 9 12 8 6 4 30 15 20 16 3 19 25 5 5 26 21 14 8 20 9 9 27 19 5 22 19 19 3 15 24 7 14 1 7 19 24 6 6 28 15 17 26 1 9 20 18 17 14 9 24 26 17 2 12 14 24 5 18 14 29 21 25 11 12 5 4 16 8 2 8 24 10 28 2 23 25 30 25 10 13 28 28 2 15 29 11 19 8 23 6 22 26 14 24 24 22 8 26 1 7 24 16 25 12 17 26 28 18 10 26 21 6 6 5 24 23 7 1 28 27 29 13 17 19 17 10 14 5 7 9 23 25 18 30 10 10 12 5 16 14 14 9 30 8 12 12 16 3 19 18 25 30 5 5 26 25 24 27 17 18 11 7 19 9 7 24 5 3 15 10 18 22 3 9 20 8 3 15 10 30 13 11 26 9 2 8 23 24 5 12 11 25 5 11 4 8 24 11 21 20 7 2 7 24 20 2 4 8 26 9 8 7 8 8 18 22 2 27 26 27 12 19 5 5 18 23 23 16 24 17 16 23 12 15 9 16 23 1 11 19 11 1 19 19
442 428
935 937
98 388
964 145
951 563
490 437
908 482
743 919
173 230
719 958
236 45
467 636
775 968
121 47
312 447
7 799
281 135
674 334
419 485
334 935
831 520
625 536
78 244
805 560
757 325
575 881
932 100
595 55
314 983
658 132
637 206
680 793
937 973
488 514
763 371
780 775
75 188
390 313
866 58
460 240
630 853
147 25
601 252
626 956
452 78
170 915
614 225
923 481
759 268
607 302
636 367
670 730
797 709
689 42
330 653
585 49
606 554
243 839
851 933
922 673
594 17
9 173
793 583
247 224
218 378
186 64
732 845
192 742
858 692
148 57
215 765
880 468
74 863
776 288
657 404
328 115
662 167
622 756
279 495
712 599
707 295
920 242
894 997
517 446
407 393
890 209
500 286
849 348
714 784
290 24
826 924
738 995
433 615
679 625
109 477
42 380
603 221
470 744
391 93
941 106
302 616
307 338
343 102
810 548
854 945
146 797
739 80
734 980
27 136
158 365
918 62
710 43
339 421
204 891
197 573
292 326
631 385
270 1
978 702
323 479
921 203
83 951
794 103
184 321
177 989
341 394
883 324
210 107
230 141
477 861
280 128
160 641
959 943
24 412
311 570
899 768
681 806
71 303
928 877
943 586
37 738
991 679
938 352
32 713
272 718
708 162
494 519
683 336
807 345
992 759
241 152
354 809
382 264
464 16
479 998
881 634
567 216
542 180
86 965
207 923
203 842
685 300
513 370
873 545
338 689
178 186
675 251
823 381
161 220
93 539
968 407
466 233
564 810
30 507
199 184
617 905
13 356
561 828
514 68
537 819
214 386
868 192
162 543
506 333
472 416
165 405
458 431
129 223
950 880
867 424
92 895
907 753
764 991
672 470
882 771
492 475
814 540
648 117
26 941
758 532
297 590
512 451
644 805
60 208
809 95
421 644
491 892
6 652
308 449
884 542
396 841
463 917
212 650
404 667
191 461
799 204
554 285
392 825
33 850
223 511
163 874
317 716
438 682
415 9
879 659
741 92
827 515
345 754
610 603
660 565
485 814
313 436
194 205
505 239
346 71
686 894
106 375
254 219
596 6
931 801
16 360
58 54
997 260
503 402
8 985
529 593
690 669
248 684
861 139
176 840
461 531
619 524
696 606
540 698
532 830
824 46
285 955
431 824
387 96
87 420
927 178
153 247
982 418
324 600
278 622
493 559
727 34
740 528
202 800
748 651
91 376
761 552
981 463
553 193
667 549
563 199
591 529
211 770
771 875
376 137
370 631
63 38
219 181
688 996
538 705
613 413
703 262
417 723
190 970
462 215
429 838
131 878
877 248
835 32
709 780
965 374
319 888
259 67
3 604
101 169
436 930
656 773
833 959
375 4
693 373
643 566
187 909
127 846
369 237
123 491
562 222
54 795
408 792
983 504
318 443
718 227
327 391
67 500
876 456
612 267
265 643
303 732
901 5
570 811
673 13
395 265
645 432
261 234
451 124
430 582
802 66
760 320
100 293
604 745
476 439
465 422
423 163
372 369
79 26
348 901
349 346
855 813
973 952
958 154
454 626
344 993
355 660
352 703
863 898
394 762
315 808
917 392
434 897
598 910
609 454
998 494
94 368
135 922
322 865
911 7
969 873
545 654
909 238
691 153
276 148
832 769
288 292
85 879
521 774
188 900
217 399
936 496
654 558
526 384
557 191
31 503
541 994
208 580
789 316
723 992
752 677
51 492
593 571
410 37
515 948
152 902
952 735
993 258
588 254
136 783
77 614
157 10
957 305
25 505
615 763
413 676
837 629
232 953
939 471
209 307
213 686
333 207
249 899
289 427
652 429
132 18
548 277
432 249
640 761
287 309
721 317
252 129
229 950
440 906
527 982
605 341
701 757
639 665
53 355
885 728
828 23
711 657
947 886
528 719
271 974
198 779
642 971
765 739
403 969
283 462
384 400
61 353
193 882
41 314
495 893
896 785
856 417
864 426
618 423
167 962
90 764
239 419
772 22
166 176
621 363
351 340
244 855
634 772
43 229
364 751
145 647
116 551
647 299
586 200
543 278
635 11
1000 661
766 870
304 52
705 111
961 721
425 928
379 946
523 668
569 733
277 151
629 925
335 56
633 680
664 281
228 198
971 752
359 105
955 270
546 337
255 157
755 250
695 20
589 364
974 758
482 389
946 60
21 523
577 621
773 584
698 553
742 804
73 860
18 14
216 655
437 328
573 534
728 954
185 533
50 455
374 790
678 65
926 696
427 210
81 256
949 866
305 577
316 133
916 259
483 411
717 911
200 848
889 823
240 635
722 522
536 397
235 862
687 694
378 142
600 538
818 807
474 243
151 628
801 596
533 414
651 50
676 527
450 506
565 817
900 990
628 497
781 908
502 938
929 778
401 21
29 796
294 987
142 469
89 398
627 521
449 116
544 269
365 526
48 883
970 513
225 913
489 121
456 382
266 618
730 79
666 747
448 156
522 83
45 498
768 833
767 351
497 576
406 662
22 999
786 91
347 161
980 488
385 425
268 232
608 585
869 358
246 90
535 868
821 168
169 832
737 835
762 802
979 693
416 849
439 245
948 889
206 489
444 349
865 159
912 729
140 547
295 869
124 143
10 289
713 465
953 546
785 279
4 755
342 939
39 867
987 487
181 525
362 290
834 907
790 69
817 70
903 246
791 322
986 113
684 406
778 280
902 568
825 175
892 53
735 366
237 707
222 235
1 988
418 509
779 213
286 934
571 39
274 310
744 903
509 508
220 592
753 767
49 182
112 512
471 695
822 740
144 401
878 442
122 165
134 737
682 408
940 197
409 122
353 263
792 138
70 794
539 110
661 844
250 541
580 674
481 726
559 94
233 601
788 195
15 1000
371 271
457 231
754 86
504 786
694 459
566 748
994 486
183 383
399 640
128 444
76 602
653 114
499 852
725 298
143 361
699 201
35 926
14 72
914 820
659 829
587 33
150 670
669 610
620 134
69 253
632 564
839 656
310 433
850 261
486 354
795 821
363 318
155 931
84 160
52 741
275 149
677 226
745 550
300 81
118 196
975 649
511 476
524 331
55 104
704 130
816 567
126 887
66 75
420 918
904 731
887 620
282 961
125 578
267 435
530 537
269 217
326 30
897 914
36 858
44 857
808 297
558 89
138 885
893 746
443 642
105 409
977 359
175 126
242 357
258 984
996 687
507 228
525 646
836 61
623 607
478 837
397 581
905 502
665 685
253 76
733 499
256 966
301 944
898 108
578 28
189 697
702 3
924 619
441 927
182 630
655 294
340 379
720 440
769 19
942 467
120 864
862 781
293 516
747 36
2 544
875 627
872 158
262 301
366 609
164 611
726 84
700 101
358 410
945 458
17 776
195 179
915 710
325 588
962 396
581 789
424 41
231 920
853 183
411 350
196 760
751 712
380 441
299 330
321 144
284 453
201 131
840 681
480 884
697 555
96 942
428 798
113 701
692 282
251 595
844 632
137 658
800 725
910 671
171 315
518 395
412 572
590 460
224 490
487 812
584 347
80 296
205 445
560 856
906 59
445 241
551 335
750 329
886 932
156 174
426 663
555 608
5 672
99 98
56 202
830 118
783 478
47 344
435 194
245 483
847 605
226 35
468 872
141 112
724 430
115 535
361 31
749 598
820 859
624 691
386 782
842 15
28 434
172 871
398 711
787 2
350 362
337 890
64 40
859 88
803 464
984 218
405 612
520 51
159 815
227 332
616 574
963 473
498 146
88 343
925 211
65 638
306 474
845 743
552 981
104 272
291 979
812 940
11 452
913 734
238 597
20 720
103 85
446 843
966 827
331 556
221 214
641 236
264 140
23 257
356 123
180 457
729 836
583 170
579 904
383 415
130 648
377 190
257 664
40 700
716 327
995 438
806 678
798 480
102 12
819 986
501 724
273 517
804 212
62 854
944 171
988 308
12 699
422 284
611 29
447 936
368 715
815 291
777 818
459 8
97 688
516 977
972 975
715 342
999 704
38 125
402 788
846 587
139 639
770 750
389 575
381 119
985 690
782 777
298 912
108 964
149 579
469 949
59 831
597 717
891 493
919 472
574 963
72 372
556 633
582 766
260 164
550 312
263 675
746 82
95 403
68 803
874 736
510 87
154 44
547 74
813 27
811 466
332 791
663 99
549 896
117 276
956 589
774 594
531 749
602 972
357 187
484 787
870 624
367 283
990 387
572 266
336 569
638 518
576 177
829 826
852 561
107 623
508 957
976 510
860 274
534 109
934 976
857 876
592 450
400 727
133 73
756 189
989 834
168 714
34 304
473 708
19 929
871 501
519 916
888 947
111 166
954 822
82 637
895 617
309 311
453 921
234 645
967 591
455 613
496 319
649 706
838 816
706 530
114 557
841 255
650 306
57 967
848 275
46 155
646 150
668 978
110 127
296 63
671 48
960 120
119 97
174 722
360 273
736 851
373 377
784 448
796 339
414 484
179 666
599 147
933 77
320 562
475 390
388 847
930 323
843 960
568 172
731 287
393 683
1000
1 1 2
1 2 3
1 3 7
1 4 5
1 5 11
1 6 13
1 7 22
1 8 9
1 9 19
1 10 21
1 11 34
1 12 25
1 13 40
1 14 43
1 15 61
1 16 17
1 17 35
1 18 37
1 19 58
1 20 41
1 21 64
1 22 67
1 23 93
1 24 49
1 25 76
1 26 79
1 27 109
1 28 85
1 29 117
1 30 121
1 31 156
1 32 33
1 33 67
1 34 69
1 35 106
1 36 73
1 37 112
1 38 115
1 39 157
1 40 81
1 41 124
1 42 127
1 43 173
1 44 133
1 45 181
1 46 185
1 47 236
1 48 97
1 49 148
1 50 151
1 51 205
1 52 157
1 53 213
1 54 217
1 55 276
1 56 169
1 57 229
1 58 233
1 59 296
1 60 241
1 61 306
1 62 311
1 63 379
1 64 65
1 65 131
1 66 133
1 67 202
1 68 137
1 69 208
1 70 211
1 71 285
1 72 145
1 73 220
1 74 223
1 75 301
1 76 229
1 77 309
1 78 313
1 79 396
1 80 161
1 81 244
1 82 247
1 83 333
1 84 253
1 85 341
1 86 345
1 87 436
1 88 265
1 89 357
1 90 361
1 91 456
1 92 369
1 93 466
1 94 471
1 95 571
1 96 193
1 97 292
1 98 295
1 99 397
1 100 301
1 101 405
1 102 409
1 103 516
1 104 313
1 105 421
1 106 425
1 107 536
1 108 433
1 109 546
1 110 551
1 111 667
1 112 337
1 113 453
1 114 457
1 115 576
1 116 465
1 117 586
1 118 591
1 119 715
1 120 481
1 121 606
1 122 611
1 123 739
1 124 621
1 125 751
1 126 757
1 127 890
1 128 129
1 129 259
1 130 261
1 131 394
1 132 265
1 133 400
1 134 403
1 135 541
1 136 273
1 137 412
1 138 415
1 139 557
1 140 421
1 141 565
1 142 569
1 143 716
1 144 289
1 145 436
1 146 439
1 147 589
1 148 445
1 149 597
1 150 601
1 151 756
1 152 457
1 153 613
1 154 617
1 155 776
1 156 625
1 157 786
1 158 791
1 159 955
1 160 321
1 161 484
1 162 487
1 163 653
1 164 493
1 165 661
1 166 665
1 167 836
1 168 505
1 169 677
1 170 681
1 171 856
1 172 689
1 173 866
1 174 871
1 175 51
1 176 529
1 177 709
1 178 713
1 179 896
1 180 721
1 181 906
1 182 911
1 183 99
1 184 737
1 185 926
1 186 931
1 187 123
1 188 941
1 189 135
1 190 141
1 191 338
1 192 385
1 193 580
1 194 583
1 195 781
1 196 589
1 197 789
1 198 793
1 199 996
1 200 601
1 201 805
1 202 809
1 203 16
1 204 817
1 205 26
1 206 31
1 207 243
1 208 625
1 209 837
1 210 841
1 211 56
1 212 849
1 213 66
1 214 71
1 215 291
1 216 865
1 217 86
1 218 91
1 219 315
1 220 101
1 221 327
1 222 333
1 223 562
1 224 673
1 225 901
1 226 905
1 227 136
1 228 913
1 229 146
1 230 151
1 231 387
1 232 929
1 233 166
1 234 171
1 235 411
1 236 181
1 237 423
1 238 429
1 239 674
1 240 961
1 241 206
1 242 211
1 243 459
1 244 221
1 245 471
1 246 477
1 247 730
1 248 241
1 249 495
1 250 501
1 251 758
1 252 513
1 253 772
1 254 779
1 255 41
1 256 257
1 257 515
1 258 517
1 259 778
1 260 521
1 261 784
1 262 787
1 263 53
1 264 529
1 265 796
1 266 799
1 267 69
1 268 805
1 269 77
1 270 81
1 271 356
1 272 545
1 273 820
1 274 823
1 275 101
1 276 829
1 277 109
1 278 113
1 279 396
1 280 841
1 281 125
1 282 129
1 283 416
1 284 137
1 285 426
1 286 431
1 287 723
1 288 577
1 289 868
1 290 871
1 291 165
1 292 877
1 293 173
1 294 177
1 295 476
1 296 889
1 297 189
1 298 193
1 299 496
1 300 201
1 301 506
1 302 511
1 303 819
1 304 913
1 305 221
1 306 225
1 307 536
1 308 233
1 309 546
1 310 551
1 311 867
1 312 249
1 313 566
1 314 571
1 315 891
1 316 581
1 317 903
1 318 909
1 319 234
1 320 641
1 321 964
1 322 967
1 323 293
1 324 973
1 325 301
1 326 305
1 327 636
1 328 985
1 329 317
1 330 321
1 331 656
1 332 329
1 333 666
1 334 671
1 335 11
1 336 9
1 337 349
1 338 353
1 339 696
1 340 361
1 341 706
1 342 711
1 343 59
1 344 377
1 345 726
1 346 731
1 347 83
1 348 741
1 349 95
1 350 101
1 351 458
1 352 57
1 353 413
1 354 417
1 355 776
1 356 425
1 357 786
1 358 791
1 359 155
1 360 441
1 361 806
1 362 811
1 363 179
1 364 821
1 365 191
1 366 197
1 367 570
1 368 473
1 369 846
1 370 851
1 371 227
1 372 861
1 373 239
1 374 245
1 375 626
1 376 881
1 377 263
1 378 269
1 379 654
1 380 281
1 381 668
1 382 675
1 383 65
1 384 769
1 385 156
1 386 159
1 387 549
1 388 165
1 389 557
1 390 561
1 391 956
1 392 177
1 393 573
1 394 577
1 395 976
1 396 585
1 397 986
1 398 991
1 399 395
1 400 201
1 401 605
1 402 609
1 403 16
1 404 617
1 405 26
1 406 31
1 407 443
1 408 633
1 409 46
1 410 51
1 411 467
1 412 61
1 413 479
1 414 485
1 415 906
1 416 249
1 417 669
1 418 673
1 419 96
1 420 681
1 421 106
1 422 111
1 423 539
1 424 697
1 425 126
1 426 131
1 427 563
1 428 141
1 429 575
1 430 581
1 431 18
1 432 729
1 433 166
1 434 171
1 435 611
1 436 181
1 437 623
1 438 629
1 439 74
1 440 201
1 441 647
1 442 653
1 443 102
1 444 665
1 445 116
1 446 123
1 447 577
1 448 345
1 449 797
1 450 801
1 451 256
1 452 809
1 453 266
1 454 271
1 455 731
1 456 825
1 457 286
1 458 291
1 459 755
1 460 301
1 461 767
1 462 773
1 463 242
1 464 857
1 465 326
1 466 331
1 467 803
1 468 341
1 469 815
1 470 821
1 471 298
1 472 361
1 473 839
1 474 845
1 475 326
1 476 857
1 477 340
1 478 347
1 479 833
1 480 921
1 481 406
1 482 411
1 483 899
1 484 421
1 485 911
1 486 917
1 487 410
1 488 441
1 489 935
1 490 941
1 491 438
1 492 953
1 493 452
1 494 459
1 495 961
1 496 481
1 497 983
1 498 989
1 499 494
1 500 1
1 501 508
1 502 515
1 503 25
1 504 25
1 505 536
1 506 543
1 507 57
1 508 557
1 509 73
1 510 81
1 511 600
1 512 513
1 513 27
1 514 29
1 515 546
1 516 33
1 517 552
1 518 555
1 519 77
1 520 41
1 521 564
1 522 567
1 523 93
1 524 573
1 525 101
1 526 105
1 527 636
1 528 57
1 529 588
1 530 591
1 531 125
1 532 597
1 533 133
1 534 137
1 535 676
1 536 609
1 537 149
1 538 153
1 539 696
1 540 161
1 541 706
1 542 711
1 543 259
1 544 89
1 545 636
1 546 639
1 547 189
1 548 645
1 549 197
1 550 201
1 551 756
1 552 657
1 553 213
1 554 217
1 555 776
1 556 225
1 557 786
1 558 791
1 559 355
1 560 681
1 561 245
1 562 249
1 563 816
1 564 257
1 565 826
1 566 831
1 567 403
1 568 273
1 569 846
1 570 851
1 571 427
1 572 861
1 573 439
1 574 445
1 575 26
1 576 153
1 577 732
1 578 735
1 579 317
1 580 741
1 581 325
1 582 329
1 583 916
1 584 753
1 585 341
1 586 345
1 587 936
1 588 353
1 589 946
1 590 951
1 591 547
1 592 777
1 593 373
1 594 377
1 595 976
1 596 385
1 597 986
1 598 991
1 599 595
1 600 401
1 601 6
1 602 11
1 603 619
1 604 21
1 605 631
1 606 637
1 607 250
1 608 825
1 609 437
1 610 441
1 611 56
1 612 449
1 613 66
1 614 71
1 615 691
1 616 465
1 617 86
1 618 91
1 619 715
1 620 101
1 621 727
1 622 733
1 623 362
1 624 497
1 625 126
1 626 131
1 627 763
1 628 141
1 629 775
1 630 781
1 631 418
1 632 161
1 633 799
1 634 805
1 635 446
1 636 817
1 637 460
1 638 467
1 639 113
1 640 281
1 641 924
1 642 927
1 643 573
1 644 933
1 645 581
1 646 585
1 647 236
1 648 945
1 649 597
1 650 601
1 651 256
1 652 609
1 653 266
1 654 271
1 655 931
1 656 969
1 657 629
1 658 633
1 659 296
1 660 641
1 661 306
1 662 311
1 663 979
1 664 657
1 665 326
1 666 331
1 667 3
1 668 341
1 669 15
1 670 21
1 671 698
1 672 17
1 673 693
1 674 697
1 675 376
1 676 705
1 677 386
1 678 391
1 679 75
1 680 721
1 681 406
1 682 411
1 683 99
1 684 421
1 685 111
1 686 117
1 687 810
1 688 753
1 689 446
1 690 451
1 691 147
1 692 461
1 693 159
1 694 165
1 695 866
1 696 481
1 697 183
1 698 189
1 699 894
1 700 201
1 701 908
1 702 915
1 703 625
1 704 113
1 705 821
1 706 825
1 707 536
1 708 833
1 709 546
1 710 551
1 711 267
1 712 849
1 713 566
1 714 571
1 715 291
1 716 581
1 717 303
1 718 309
1 719 34
1 720 881
1 721 606
1 722 611
1 723 339
1 724 621
1 725 351
1 726 357
1 727 90
1 728 641
1 729 375
1 730 381
1 731 118
1 732 393
1 733 132
1 734 139
1 735 881
1 736 945
1 737 686
1 738 691
1 739 435
1 740 701
1 741 447
1 742 453
1 743 202
1 744 721
1 745 471
1 746 477
1 747 230
1 748 489
1 749 244
1 750 251
1 751 9
1 752 761
1 753 519
1 754 525
1 755 286
1 756 537
1 757 300
1 758 307
1 759 73
1 760 561
1 761 328
1 762 335
1 763 105
1 764 349
1 765 121
1 766 129
1 767 904
1 768 537
1 769 308
1 770 311
1 771 85
1 772 317
1 773 93
1 774 97
1 775 876
1 776 329
1 777 109
1 778 113
1 779 896
1 780 121
1 781 906
1 782 911
1 783 699
1 784 353
1 785 141
1 786 145
1 787 936
1 788 153
1 789 946
1 790 951
1 791 747
1 792 169
1 793 966
1 794 971
1 795 771
1 796 981
1 797 783
1 798 789
1 799 594
1 800 401
1 801 205
1 802 209
1 803 16
1 804 217
1 805 26
1 806 31
1 807 843
1 808 233
1 809 46
1 810 51
1 811 867
1 812 61
1 813 879
1 814 885
1 815 706
1 816 265
1 817 86
1 818 91
1 819 915
1 820 101
1 821 927
1 822 933
1 823 762
1 824 121
1 825 951
1 826 957
1 827 790
1 828 969
1 829 804
1 830 811
1 831 649
1 832 497
1 833 333
1 834 337
1 835 176
1 836 345
1 837 186
1 838 191
1 839 35
1 840 361
1 841 206
1 842 211
1 843 59
1 844 221
1 845 71
1 846 77
1 847 930
1 848 393
1 849 246
1 850 251
1 851 107
1 852 261
1 853 119
1 854 125
1 855 986
1 856 281
1 857 143
1 858 149
1 859 14
1 860 161
1 861 28
1 862 35
1 863 905
1 864 457
1 865 326
1 866 331
1 867 203
1 868 341
1 869 215
1 870 221
1 871 98
1 872 361
1 873 239
1 874 245
1 875 126
1 876 257
1 877 140
1 878 147
1 879 33
1 880 401
1 881 287
1 882 293
1 883 182
1 884 305
1 885 196
1 886 203
1 887 97
1 888 329
1 889 224
1 890 231
1 891 129
1 892 245
1 893 145
1 894 153
1 895 56
1 896 689
1 897 589
1 898 593
1 899 496
1 900 601
1 901 506
1 902 511
1 903 419
1 904 617
1 905 526
1 906 531
1 907 443
1 908 541
1 909 455
1 910 461
1 911 378
1 912 649
1 913 566
1 914 571
1 915 491
1 916 581
1 917 503
1 918 509
1 919 434
1 920 601
1 921 527
1 922 533
1 923 462
1 924 545
1 925 476
1 926 483
1 927 417
1 928 713
1 929 646
1 930 651
1 931 587
1 932 661
1 933 599
1 934 605
1 935 546
1 936 681
1 937 623
1 938 629
1 939 574
1 940 641
1 941 588
1 942 595
1 943 545
1 944 721
1 945 671
1 946 677
1 947 630
1 948 689
1 949 644
1 950 651
1 951 609
1 952 713
1 953 672
1 954 679
1 955 641
1 956 693
1 957 657
1 958 665
1 959 632
1 960 841
1 961 806
1 962 811
1 963 779
1 964 821
1 965 791
1 966 797
1 967 770
1 968 841
1 969 815
1 970 821
1 971 798
1 972 833
1 973 812
1 974 819
1 975 801
1 976 881
1 977 863
1 978 869
1 979 854
1 980 881
1 981 868
1 982 875
1 983 865
1 984 905
1 985 896
1 986 903
1 987 897
1 988 917
1 989 913
1 990 921
1 991 920
1 992 961
1 993 959
1 994 965
1 995 966
1 996 977
1 997 980
1 998 987
1 999 993
1 1000 1
