4
1000

1000
521 255
36 679
544 128
506 661
774 562
477 977
342 670
327 591
981 899
770 950
191 900
851 76
619 758
250 68
87 607
132 677
359 164
412 353
711 593
824 403
908 409
120 571
652 930
844 979
757 149
636 843
878 582
563 199
468 765
938 343
629 486
239 60
155 592
186 300
998 983
732 544
566 903
997 283
971 589
248 691
113 855
388 891
637 839
758 913
266 820
582 284
618 330
964 277
341 840
514 555
778 696
58 462
581 755
520 849
103 232
216 112
835 569
861 729
51 325
614 59
692 62
450 362
22 860
392 90
109 260
165 231
270 873
970 21
603 410
279 991
167 500
749 75
214 177
773 96
795 902
512 349
726 760
519 518
235 334
147 502
83 549
379 203
15 166
402 885
80 357
436 440
72 480
628 550
158 445
372 396
364 129
410 960
741 180
484 955
889 476
907 788
665 649
871 613
350 512
411 120
942 768
141 856
85 156
967 417
786 113
56 374
586 964
287 11
589 106
703 279
992 985
417 183
955 51
351 489
600 95
606 267
300 785
823 423
848 252
455 303
509 939
222 310
707 152
220 42
960 311
880 433
638 14
485 786
627 426
608 275
948 611
969 380
982 208
958 511
69 318
914 491
356 114
123 878
413 126
989 246
197 431
30 7
299 72
451 281
735 384
968 201
875 204
184 748
558 223
554 942
467 272
117 211
766 847
435 869
951 446
278 619
280 673
860 428
39 483
713 181
696 805
153 662
591 521
724 841
901 143
252 938
50 791
764 663
933 244
965 494
610 687
565 58
443 770
838 906
856 669
183 230
579 429
657 285
338 600
559 573
67 848
620 846
170 668
716 206
13 451
787 660
423 525
444 154
209 434
872 268
79 340
448 405
361 871
16 978
207 636
706 863
895 690
879 707
195 131
682 107
752 585
277 904
345 775
870 185
676 40
25 714
784 522
442 734
883 506
810 809
674 122
763 682
819 907
48 654
281 358
809 802
909 647
728 210
630 92
668 219
431 858
272 910
377 443
112 304
491 146
360 97
587 694
633 412
504 875
275 781
750 222
842 773
203 127
333 430
887 220
632 359
624 484
525 882
414 41
756 806
404 31
439 870
419 790
564 829
312 771
954 416
661 736
337 247
346 322
956 118
874 151
265 554
935 71
374 297
987 213
578 365
181 686
529 189
458 970
918 393
916 136
261 33
316 287
385 372
541 590
290 153
288 70
993 242
161 641
289 624
187 207
119 716
474 681
704 952
462 133
688 270
460 712
906 648
18 398
354 599
647 514
868 198
853 20
977 975
806 52
524 746
625 832
492 292
777 724
182 901
765 138
302 441
381 339
78 104
691 316
94 306
150 796
653 633
793 779
917 708
339 895
42 56
433 959
695 276
768 249
811 546
885 182
864 85
892 241
102 194
408 228
666 487
601 956
348 413
744 88
667 172
131 355
169 124
31 84
234 307
308 713
205 583
994 634
570 321
397 101
680 36
416 753
897 482
238 328
905 102
319 425
863 299
516 450
705 543
912 348
192 265
655 162
124 625
505 993
41 217
900 305
593 465
689 170
391 99
785 984
390 73
81 828
535 496
12 458
643 932
317 17
3 229
780 469
268 298
371 261
941 414
241 813
497 842
930 269
34 815
762 784
63 951
903 93
133 510
57 163
148 609
49 879
699 432
966 935
154 629
476 961
877 957
329 293
648 769
545 254
859 420
654 987
781 857
432 808
687 711
801 919
55 278
236 954
821 814
237 87
37 638
717 635
269 701
190 576
295 488
635 80
430 317
802 540
315 109
471 606
255 395
498 552
888 251
24 530
362 187
14 184
816 271
746 16
782 338
671 77
571 332
639 946
826 315
739 541
75 909
866 333
803 776
326 481
330 721
928 456
590 165
108 896
409 367
440 44
690 868
454 803
898 28
242 301
263 238
857 665
486 881
230 5
833 370
672 64
616 587
910 637
296 196
794 371
543 302
937 329
38 61
271 280
202 718
303 999
979 532
927 411
501 27
77 772
536 406
876 46
708 596
850 972
143 630
70 807
5 595
301 594
224 111
727 444
662 342
500 408
394 526
428 475
446 424
136 464
999 258
185 567
894 65
60 763
321 920
1000 147
560 119
796 282
700 12
604 782
846 645
561 936
719 789
929 752
221 347
873 851
549 706
542 652
336 818
291 717
926 982
862 995
344 742
911 631
849 53
398 787
420 123
415 233
9 653
710 597
925 100
418 819
734 689
267 812
91 811
808 958
771 981
140 461
980 239
472 471
285 139
830 626
100 253
776 945
651 865
211 953
622 774
573 34
365 178
626 551
487 155
196 176
867 795
426 472
533 125
547 534
456 144
483 658
881 402
769 923
10 657
127 288
357 145
311 25
945 449
841 861
623 925
298 366
974 664
748 737
473 419
114 227
452 67
660 214
93 575
461 602
990 880
530 568
401 558
206 354
828 94
924 921
736 623
322 197
26 167
583 140
405 676
592 505
531 620
488 685
694 215
594 615
743 538
807 448
1 927
324 799
172 407
996 792
673 610
747 726
382 527
101 499
812 678
612 727
562 539
820 157
715 415
893 9
177 715
457 745
387 588
602 296
831 627
283 616
137 399
815 30
164 19
475 291
503 778
611 236
532 257
936 454
818 574
163 171
260 501
645 650
858 490
556 369
518 794
375 495
286 667
384 695
227 697
733 618
353 344
685 368
142 13
441 674
219 577
567 767
959 478
193 135
494 565
920 323
95 581
332 740
134 108
62 731
151 205
847 130
615 749
642 973
253 2
6 256
837 531
463 421
258 710
817 274
162 43
884 949
865 646
310 728
481 173
273 237
670 473
425 161
438 563
957 898
233 744
788 751
213 850
507 6
118 998
139 916
963 497
33 479
745 553
297 897
553 55
244 259
240 671
613 335
349 941
995 47
449 642
822 926
489 572
110 934
730 3
19 263
293 535
225 722
325 966
470 54
528 477
90 212
738 103
839 309
792 389
276 659
32 174
65 225
29 700
264 48
548 386
510 295
852 351
8 931
212 286
160 453
919 754
284 762
805 845
598 513
527 780
76 377
538 703
585 240
210 523
950 439
128 823
923 137
595 381
985 738
152 632
495 188
737 468
168 79
775 314
43 560
575 838
89 273
421 452
217 290
702 467
584 245
783 603
307 735
369 294
247 545
644 38
437 336
262 45
646 22
84 833
178 18
429 617
712 974
292 83
588 442
697 400
393 890
352 29
368 608
54 639
922 460
825 766
882 221
496 341
804 8
44 1000
742 826
116 35
146 976
179 666
282 548
159 89
198 889
71 622
53 116
231 894
896 777
115 360
921 352
126 963
4 200
552 350
939 996
634 190
961 915
669 655
453 1
399 764
304 859
189 485
761 830
718 761
122 226
931 556
482 121
537 289
754 376
97 824
915 391
459 234
829 965
20 388
714 743
129 586
814 524
640 437
335 747
678 962
47 98
526 967
257 675
130 82
469 892
605 918
976 578
27 994
973 66
434 656
173 709
180 224
813 866
913 886
574 944
797 216
684 644
99 940
722 604
779 884
984 387
843 142
395 235
508 447
68 564
540 515
340 862
82 492
731 436
259 852
772 422
396 32
166 643
740 908
367 702
125 160
174 651
515 980
175 148
465 81
568 517
373 988
306 783
92 528
424 914
991 561
45 26
569 250
386 516
314 91
378 757
35 397
760 821
334 383
693 684
679 361
228 699
254 688
834 922
641 509
218 948
46 466
891 4
328 24
675 379
677 836
320 493
840 943
723 463
899 39
947 844
751 435
464 876
229 888
577 264
597 720
490 698
323 134
499 837
609 557
943 159
902 86
832 533
729 598
550 427
104 827
511 559
17 331
40 570
709 929
480 912
580 313
656 418
447 132
61 115
318 621
478 324
7 798
978 854
551 537
23 601
226 69
962 730
869 346
953 457
355 872
944 990
427 179
201 739
799 756
376 947
789 74
223 542
156 363
215 356
701 141
664 202
517 191
66 394
11 883
251 337
88 218
194 49
74 390
366 924
305 470
204 168
557 579
790 723
886 266
988 800
522 529
650 547
759 614
798 50
466 968
64 326
681 905
73 928
539 382
827 692
753 566
683 704
631 605
389 312
59 797
502 874
243 831
111 992
493 640
934 15
621 804
445 193
607 508
232 864
199 459
200 504
523 63
845 474
952 375
106 759
144 262
176 834
572 719
686 741
725 319
755 725
720 158
246 404
617 57
86 105
188 867
274 110
135 683
659 822
721 401
406 438
380 117
800 150
576 345
363 801
171 248
121 793
890 373
407 364
358 612
105 23
658 877
596 78
294 628
96 835
854 378
145 817
331 503
98 308
767 825
791 536
309 455
972 320
855 498
2 520
649 693
21 810
28 887
403 327
422 10
107 917
940 209
932 937
256 392
555 192
949 186
975 584
983 893
245 580
149 971
52 519
400 750
946 732
347 933
546 733
904 385
513 989
836 680
663 853
479 986
343 195
249 969
370 37
383 175
986 705
698 507
157 243
599 997
138 816
534 169
313 672
1000
254 520
593 477
755 436
23 739
804 23
460 658
362 428
750 124
117 843
373 582
4 214
981 262
339 721
626 353
303 637
705 624
781 184
897 592
6 951
72 936
922 790
244 443
292 480
635 266
551 255
332 613
101 800
372 554
58 473
466 241
371 830
550 787
290 559
385 967
155 5
475 629
657 222
515 451
581 949
930 291
175 856
279 850
970 475
561 313
15 799
138 827
517 971
501 296
166 834
67 40
862 664
407 64
648 27
674 916
903 595
587 260
824 79
880 996
483 987
737 897
236 110
43 872
955 334
381 968
962 458
704 294
917 327
601 456
380 333
181 736
44 330
527 497
961 42
61 370
765 328
248 836
655 374
576 730
885 713
577 478
698 701
432 819
867 280
667 811
163 955
565 48
81 452
111 781
376 298
590 544
327 786
298 484
484 875
904 715
68 616
531 653
729 128
256 247
743 578
975 587
758 558
582 331
935 193
803 832
165 580
384 869
682 952
20 855
268 290
854 309
835 970
646 371
100 711
721 535
145 476
520 142
914 499
764 173
417 380
39 608
369 625
113 697
998 20
594 104
749 681
297 975
10 420
861 103
351 654
509 1000
456 961
399 329
153 770
124 567
529 13
638 482
211 447
302 253
223 693
149 272
427 215
624 933
266 472
80 646
618 988
937 56
719 395
991 893
88 67
614 53
103 284
109 406
183 359
323 948
133 91
221 648
402 283
231 673
335 337
915 470
608 911
941 659
229 92
555 461
997 159
592 748
476 242
108 678
350 410
994 660
98 369
35 356
226 842
267 894
498 707
198 80
909 676
119 116
454 865
45 999
957 831
800 78
115 769
5 418
477 105
104 516
12 529
242 117
528 633
518 947
94 532
143 732
227 500
262 421
284 3
52 878
532 453
225 555
176 9
304 194
952 788
370 344
538 503
805 566
161 121
361 454
239 208
878 940
768 401
331 518
63 959
982 71
789 463
821 871
669 722
224 412
439 794
665 677
354 439
348 209
610 777
110 178
503 217
277 393
700 639
392 32
314 749
75 725
607 808
126 460
656 953
55 82
345 881
112 723
215 551
322 382
890 29
316 202
568 269
73 528
936 546
513 385
784 175
397 169
609 281
647 542
78 703
400 763
534 301
396 21
257 507
541 874
33 946
1 446
174 140
84 995
390 404
418 120
512 51
453 895
462 98
739 402
734 934
895 26
246 765
679 956
760 844
748 107
868 211
473 468
736 457
521 742
216 539
9 845
681 640
363 803
307 902
542 22
34 980
801 352
194 495
170 295
907 586
272 264
838 717
832 691
121 785
265 720
599 652
600 318
125 323
906 809
60 614
508 49
678 689
65 39
671 70
958 826
543 883
692 379
617 669
276 153
344 696
511 45
282 733
438 62
71 320
186 233
423 319
219 268
447 57
382 317
505 605
928 634
889 596
620 97
817 854
275 891
263 6
808 96
850 602
424 182
703 225
918 866
470 571
442 109
726 432
441 918
776 615
984 771
340 417
286 250
983 724
644 979
709 752
291 576
329 311
190 839
753 538
187 712
426 427
485 286
83 603
973 537
860 226
448 366
833 533
274 643
24 534
495 273
281 743
349 251
488 597
771 899
425 583
851 256
881 172
353 125
294 767
106 631
202 962
999 760
875 982
315 514
232 190
451 829
129 315
264 661
506 448
825 740
422 858
468 662
654 810
404 702
708 481
205 611
841 837
987 59
3 642
893 156
564 490
572 25
923 921
598 34
393 864
633 76
403 335
62 134
177 367
212 505
718 119
950 553
938 148
782 957
759 181
809 838
663 113
87 258
375 239
337 914
557 325
675 926
533 429
48 974
295 577
745 524
794 348
894 351
666 12
694 671
311 635
383 101
891 321
487 789
631 354
926 430
258 618
2 391
684 905
356 449
197 862
230 177
960 753
882 801
845 163
683 220
769 15
429 479
192 126
464 627
777 213
465 965
852 372
985 324
405 111
144 206
763 621
319 467
785 731
461 314
693 129
330 232
849 132
870 292
625 813
522 41
387 665
815 361
537 991
309 419
401 612
398 562
191 545
977 33
336 287
180 573
558 271
514 191
690 913
643 879
367 986
796 942
546 396
733 557
64 50
7 821
482 414
41 985
658 966
549 398
552 243
524 572
848 425
200 345
312 357
886 373
774 886
333 744
547 600
378 910
195 442
347 561
92 563
622 11
99 165
51 485
772 931
415 274
571 31
114 299
341 735
141 489
77 796
26 326
46 853
714 364
519 252
604 154
493 218
857 727
863 556
160 342
621 935
300 885
713 772
811 815
233 491
535 147
366 906
910 692
458 166
873 502
603 339
296 806
317 416
921 43
846 307
208 216
969 698
172 907
787 492
756 300
812 863
932 825
459 341
959 450
859 804
326 768
728 889
563 28
82 780
762 609
649 754
374 234
853 94
29 47
858 174
157 817
184 267
69 36
431 469
823 944
727 682
210 797
780 176
591 189
185 433
510 249
929 293
105 632
189 873
583 88
137 924
913 517
492 228
562 55
650 779
206 423
659 141
819 37
966 377
676 54
685 900
623 877
179 434
148 623
293 833
773 708
556 221
379 72
971 282
630 526
948 229
725 758
22 734
686 167
847 279
829 201
228 170
924 19
364 74
740 346
673 99
840 792
271 709
57 219
134 984
249 30
499 180
905 199
680 305
523 890
879 687
986 773
28 471
788 960
480 564
321 336
767 504
634 160
967 680
445 204
433 89
241 674
19 939
313 65
421 977
158 628
652 38
653 378
234 884
580 397
358 58
953 347
723 136
95 496
553 18
491 617
939 852
722 158
720 619
66 764
664 445
40 130
826 278
934 747
273 729
207 525
437 285
688 569
925 950
478 684
120 455
25 599
457 405
135 945
96 861
993 35
712 304
548 591
359 238
90 818
965 798
435 270
919 44
822 610
440 308
578 849
670 626
964 127
559 904
612 880
834 584
446 645
732 302
795 511
467 710
742 2
31 782
218 685
717 146
730 440
173 459
588 63
616 506
306 515
813 133
839 10
872 841
128 289
920 699
892 122
778 912
222 474
900 759
810 210
201 791
502 24
255 386
16 310
342 360
752 579
130 254
434 575
602 887
413 606
637 69
474 593
217 976
569 151
586 828
605 95
245 568
328 700
775 179
802 203
735 847
951 350
152 235
651 276
147 941
724 695
193 574
93 488
968 197
235 541
539 66
761 998
355 362
943 812
855 755
269 87
584 728
1000 390
566 135
107 192
162 726
136 389
560 925
716 392
887 746
814 501
122 824
53 601
597 607
751 668
395 531
662 162
237 651
21 915
486 4
792 399
412 745
980 139
280 981
283 207
428 227
123 675
288 376
747 679
770 585
783 992
463 670
831 737
567 196
479 108
357 444
746 512
49 937
574 859
793 694
988 805
639 560
156 530
661 719
199 186
874 14
420 240
338 523
32 143
844 198
525 565
386 598
159 547
247 223
744 355
619 969
497 7
391 322
992 205
74 224
414 923
884 415
13 802
127 750
471 68
570 857
89 85
554 183
406 316
408 870
450 16
352 200
996 363
888 901
540 647
828 686
711 649
18 187
865 688
916 138
978 245
912 230
702 867
660 149
806 540
455 762
628 776
490 920
102 978
945 738
97 168
866 638
672 667
251 263
668 766
167 929
689 438
908 636
640 622
696 644
575 61
42 422
389 972
243 375
911 493
596 888
118 195
799 550
188 155
54 462
641 835
178 483
443 303
530 115
615 510
436 898
419 756
368 157
830 152
320 663
691 783
154 846
636 620
754 548
76 757
972 896
797 90
899 690
489 297
645 983
989 437
629 431
394 993
876 761
171 131
469 775
11 248
526 244
449 8
214 358
334 288
324 494
642 848
818 145
595 938
444 426
940 17
430 927
944 261
545 958
38 989
516 112
196 943
798 265
766 118
27 137
687 706
933 590
56 464
325 381
59 909
869 704
365 384
8 589
611 751
995 435
416 411
496 100
209 466
70 641
883 795
956 917
579 536
902 930
627 332
741 594
17 928
695 630
544 814
14 932
346 343
500 365
699 171
131 954
150 52
949 368
790 424
50 509
901 408
261 236
856 77
409 73
410 683
946 718
481 876
827 908
259 519
927 656
299 522
37 123
701 164
411 102
140 81
816 277
606 513
990 964
308 508
278 498
585 275
613 882
146 465
707 655
842 257
786 259
697 892
253 784
252 84
942 394
47 666
472 672
168 86
715 340
203 527
710 657
979 106
807 840
250 868
318 552
132 312
360 903
871 851
85 306
507 581
204 793
536 487
731 994
836 246
91 161
301 46
116 383
238 741
260 963
837 570
285 387
151 774
864 807
30 114
898 650
896 1
164 150
757 403
677 588
310 486
305 185
504 388
931 922
79 716
220 990
139 60
706 973
240 604
86 441
343 75
738 349
791 521
494 997
589 237
388 212
169 400
377 338
632 822
36 820
573 549
779 409
963 144
974 860
843 778
452 919
142 413
954 816
877 83
287 188
820 705
270 407
947 714
213 93
289 231
182 823
