1000
11 9 13 28 29 14 26 21 23 7 24 15 2 30 17 20 29 27 8 9 4 18 2 20 5 20 23 23 12 2 26 20 18 7 23 13 21 20 4 8 20 1 9 4 27 7 16 23 5 2 12 9 15 27 22 7 7 25 2 17 14 11 8 6 2 26 25 9 17 13 4 16 5 5 30 23 17 18 23 24 7 27 26 23 5 18 9 5 29 8 2 28 23 12 3 29 6 12 2 5 17 23 25 3 26 22 24 20 18 1 6 5 29 4 1 8 18 22 20 19 4 20 5 3 30 26 18 1 4 11 13 28 2 7 1 28 9 15 8 23 8 23 28 25 1 12 2 7 9 19 30 22 5 1 25 5 9 24 23 27 8 26 2 29 7 13 9 20 7 23 22 8 14 27 22 14 10 2 25 25 3 14 18 30 10 22 3 13 26 12 16 1 6 2 29 13 26 29 5 24 13 16 8 14 15 16 4 30 19 16 25 30 11 20 25 17 12 30 17 13 19 5 2 23 23 4 24 1 4 7 1 29 20 6 13 22 1 28 11 30 2 20 16 3 2 15 22 23 18 19 14 9 6 1 6 1 1 9 3 2 11 1 6 7 23 4 14 5 5 2 15 5 30 4 16 7 29 18 12 13 2 14 23 28 17 8 20 21 18 12 1 4 25 22 21 28 24 29 30 12 26 2 6 2 26 22 8 15 22 9 19 28 25 30 4 16 29 16 5 11 25 27 17 1 24 2 15 17 5 16 15 30 10 5 13 1 24 9 18 8 21 1 30 7 13 23 29 20 7 27 10 22 2 9 17 29 12 4 11 11 6 2 22 19 10 15 21 22 6 21 7 19 4 28 1 5 1 12 29 6 17 23 7 18 8 21 27 26 23 21 4 21 16 8 9 4 30 21 7 17 8 27 1 7 2 27 19 14 17 5 20 14 3 8 26 21 5 20 9 9 27 14 26 29 1 1 1 16 4 22 12 15 6 5 15 23 8 19 6 24 28 25 18 13 6 27 23 15 1 26 9 30 24 20 6 1 24 16 20 7 1 20 27 30 8 2 15 3 25 24 13 8 18 30 16 26 26 11 12 21 1 4 24 12 4 29 3 14 5 9 6 24 22 11 20 26 18 2 27 2 22 29 9 23 17 8 6 25 10 20 6 10 19 15 5 10 13 14 6 21 29 26 30 12 12 20 25 20 27 16 26 3 10 21 29 15 3 28 6 5 20 15 1 11 27 22 12 27 20 5 30 15 7 10 23 20 19 27 27 9 3 13 25 3 8 5 10 15 7 8 3 14 8 2 18 25 28 18 17 10 16 23 10 28 17 24 17 30 28 4 5 1 6 3 27 27 1 30 19 30 30 1 23 22 14 21 8 7 26 4 24 24 6 1 12 14 2 7 6 24 26 19 10 13 20 2 13 14 2 9 24 14 15 25 24 8 16 19 21 25 19 29 18 13 11 10 21 24 7 20 15 7 13 24 5 11 15 24 6 2 23 5 23 10 27 23 18 10 28 15 5 3 17 16 9 23 5 14 22 27 19 1 8 18 22 3 10 22 23 28 24 1 12 14 19 12 8 3 1 15 2 22 15 1 20 18 6 20 28 8 26 20 14 9 24 20 4 21 1 22 30 19 9 28 28 30 18 6 28 20 8 18 5 15 15 15 9 19 3 15 8 22 20 27 17 26 26 26 15 23 24 2 20 5 20 26 4 9 11 3 15 11 21 2 25 9 23 30 10 16 5 12 26 12 19 5 16 29 12 20 20 8 21 28 28 28 11 10 30 13 5 16 19 22 2 14 25 24 20 29 30 26 16 16 10 3 23 3 29 26 4 24 7 2 25 9 4 15 3 20 7 6 21 16 3 21 3 10 2 21 21 15 5 13 27 8 17 5 30 13 19 2 23 22 9 24 18 9 14 2 13 29 14 6 15 1 11 2 15 17 21 10 2 29 22 22 27 6 7 17 16 16 16 7 4 20 20 24 21 16 7 1 28 17 29 3 9 19 21 5 8 23 8 27 28 26 27 29 3 15 3 20 30 5 6 12 9 28 11 16 17 15 6 22 10 1 15 24 28 1 20 30 2 4 30 16 3 30 14 28 9 6 4 27 20 12 1 12 1 8 26 24 14 21 11 12 25 26 12 13 24 3 25 10 7 14 23 17 23 20 22 11 29 19 12 7 12 18 4 12 22 27 27 25 20 15 9 12 5 29 15 8 1 20 29 21 9 18 3 14 9 7 8 1 24 3 9 23 6 12
956 603
155 325
184 808
940 31
435 610
740 152
750 796
794 314
645 863
886 662
607 670
20 506
128 679
885 204
663 760
559 302
897 156
227 163
470 771
935 268
862 420
102 832
865 2
323 160
980 812
575 77
552 620
868 278
353 97
442 894
929 170
339 313
850 728
586 301
955 361
226 232
551 766
314 90
95 257
29 190
91 701
9 659
425 581
821 718
841 546
561 767
176 716
516 708
97 789
930 389
173 712
193 461
900 571
444 194
185 622
936 261
735 752
976 719
915 116
465 887
345 520
597 942
207 22
804 151
25 891
972 462
923 35
464 221
863 406
779 79
558 754
834 408
104 988
492 816
535 595
964 568
429 591
599 806
623 172
410 54
852 563
913 469
27 664
129 508
664 655
618 271
268 706
670 798
471 87
474 494
250 295
301 430
364 669
948 357
483 228
137 567
571 926
484 969
608 756
430 888
734 452
133 436
787 534
538 860
209 447
120 515
898 529
810 435
919 609
297 355
721 856
646 133
504 614
855 650
720 735
181 139
111 334
418 824
828 516
827 161
785 773
829 270
419 108
924 660
619 432
448 454
191 992
603 691
626 989
200 597
420 168
172 157
427 818
115 158
132 574
256 580
805 53
572 135
491 699
644 243
809 410
317 167
533 884
547 482
667 327
168 487
424 305
942 405
265 934
969 514
466 332
736 269
240 64
631 543
715 932
398 121
373 687
14 948
46 225
396 674
665 36
289 537
5 166
417 144
43 774
548 393
830 75
564 859
723 765
581 786
634 762
357 229
142 438
879 388
462 749
679 961
696 582
857 195
937 742
238 640
92 339
917 741
382 740
147 772
262 65
423 510
515 575
536 178
849 656
244 481
494 315
981 15
854 138
926 265
584 45
949 998
693 475
495 84
588 531
292 191
772 326
914 617
439 702
407 415
201 379
682 522
473 66
249 130
931 63
874 639
367 904
480 488
743 59
476 561
684 40
321 449
996 82
210 709
316 429
105 901
169 117
974 555
334 535
609 321
540 673
866 16
756 572
127 336
993 375
271 273
399 551
719 906
912 208
349 401
739 266
164 231
542 867
82 146
307 848
189 284
778 730
327 71
922 402
837 499
941 876
595 758
310 829
55 176
260 421
578 93
404 973
160 412
376 857
765 868
899 211
138 230
755 793
208 179
296 873
681 394
180 258
638 994
831 788
139 252
650 810
1000 986
70 100
781 704
825 686
408 55
711 680
269 8
109 746
400 366
40 632
233 371
479 324
281 641
568 944
771 750
933 150
472 224
612 174
203 937
652 330
580 300
282 155
999 73
997 206
485 530
690 770
701 799
1 844
204 672
498 725
509 7
175 877
507 851
23 723
541 905
254 359
544 441
451 912
459 460
258 463
39 478
741 883
511 322
361 676
658 448
769 141
48 51
615 920
452 323
469 472
783 985
757 457
371 29
26 763
299 587
99 898
275 342
11 503
69 919
426 498
326 88
312 732
698 527
733 592
12 446
350 621
576 925
436 775
378 828
525 929
94 58
848 153
32 548
891 879
360 605
909 200
71 854
177 223
288 586
840 11
560 962
414 753
264 830
985 26
602 624
255 908
889 618
649 127
780 348
680 277
73 946
116 995
875 105
742 309
2 165
433 49
335 120
669 783
72 374
78 648
76 476
214 802
512 970
306 596
385 215
122 413
543 201
461 217
96 235
263 839
402 852
497 642
877 584
514 787
637 885
477 416
266 329
384 598
582 958
688 834
842 782
700 512
59 893
858 425
630 688
247 202
503 181
856 557
422 951
555 483
447 376
475 928
614 385
270 604
953 533
951 807
375 364
192 94
846 131
566 963
975 220
355 209
3 404
295 965
600 403
379 842
704 594
298 287
36 422
647 128
159 831
789 569
892 939
501 86
359 308
844 661
526 145
594 941
775 312
284 427
833 474
235 864
8 1
322 769
920 350
760 583
753 250
443 433
432 875
294 358
788 564
592 745
627 240
21 528
531 249
368 263
832 634
309 862
468 409
983 368
458 246
998 480
694 290
988 700
705 843
243 453
80 95
710 871
450 188
303 390
605 24
236 122
521 492
990 473
162 445
989 222
332 532
406 960
390 19
610 511
748 678
815 837
279 565
141 319
170 552
853 747
328 635
672 337
579 331
702 43
890 646
800 900
692 260
35 113
356 647
712 123
386 696
722 613
276 56
248 340
153 677
823 214
49 801
130 968
801 972
994 189
286 847
836 999
88 192
183 32
377 272
952 693
768 841
283 370
621 367
661 352
117 18
63 13
761 899
231 705
524 387
67 14
916 207
318 809
598 57
943 343
944 111
992 544
938 785
883 137
907 865
119 918
864 41
732 549
437 477
150 310
699 245
902 943
199 579
628 70
134 966
703 585
467 497
982 21
454 663
802 850
714 517
884 541
873 791
7 910
194 184
872 317
606 542
991 91
57 291
24 855
330 684
460 794
246 780
52 159
154 739
347 825
773 396
569 456
481 651
934 455
340 671
482 987
272 744
85 776
205 298
441 182
876 707
161 577
273 729
261 459
118 764
745 778
553 539
754 588
285 140
784 833
158 715
519 328
166 281
463 89
61 902
728 193
730 993
305 768
968 251
593 681
190 423
648 870
601 37
965 889
211 692
449 212
315 434
713 633
716 439
819 112
984 689
966 649
502 489
41 347
671 101
337 738
455 657
818 399
505 81
290 643
668 909
642 722
409 560
826 846
662 724
182 748
338 148
393 795
110 254
197 297
523 601
903 400
388 147
313 872
54 244
135 219
906 118
28 952
220 304
881 895
653 665
904 286
358 636
113 853
888 426
489 727
759 10
221 164
970 227
762 984
496 950
871 39
10 110
98 881
90 504
387 294
506 293
583 711
112 380
341 697
835 890
171 346
793 940
239 880
766 682
222 27
44 916
179 52
308 599
230 372
293 103
232 896
196 612
770 547
758 85
925 521
986 602
6 28
869 623
51 479
456 915
428 373
674 982
824 50
100 451
689 344
960 797
927 589
706 813
958 838
777 17
229 486
893 384
764 119
620 630
329 292
532 171
374 356
478 417
950 627
47 256
546 303
60 444
123 80
814 784
218 792
657 296
905 44
187 196
726 12
636 957
549 61
613 638
896 183
421 440
587 247
962 949
131 840
508 395
333 675
792 734
300 720
325 518
945 959
19 234
17 349
144 199
178 820
499 490
882 99
616 46
457 60
195 779
241 790
971 835
58 606
686 175
629 289
369 654
124 590
545 239
66 953
351 931
807 866
411 248
13 428
354 938
42 134
75 500
114 668
486 562
237 383
79 827
635 967
344 316
403 924
567 407
101 414
148 826
843 685
838 755
774 132
729 424
557 180
522 136
534 886
725 377
383 525
304 593
816 804
859 821
617 803
15 392
861 726
727 694
228 276
654 892
887 805
880 98
103 524
528 125
152 115
979 431
709 836
796 154
224 743
352 608
140 6
274 241
149 559
488 76
947 631
791 600
632 615
252 283
790 142
651 815
939 645
53 817
510 501
38 143
346 274
372 978
278 471
640 822
987 381
405 262
959 378
589 625
64 526
68 570
660 737
961 391
659 619
678 936
336 216
413 419
556 450
143 666
946 1000
267 553
973 280
585 658
625 5
767 437
167 971
539 997
302 62
86 757
695 981
563 540
56 976
434 545
251 236
963 538
126 505
978 335
219 4
163 318
89 197
487 849
277 933
453 495
808 652
389 626
33 558
431 922
74 491
932 187
202 102
537 362
562 573
217 351
957 519
812 185
530 536
867 198
440 823
786 819
320 814
215 345
811 338
223 42
908 858
577 980
573 288
851 369
921 861
366 186
639 177
737 556
596 464
655 279
870 242
87 285
493 811
611 468
782 731
490 30
412 203
31 578
216 717
520 954
918 442
967 964
806 72
212 363
676 237
145 96
381 710
901 333
677 947
675 878
81 360
438 354
797 493
291 320
4 683
397 945
895 979
747 513
395 911
752 306
186 386
257 9
280 341
622 629
633 34
683 874
50 955
157 502
749 703
590 644
977 927
213 205
500 781
121 458
738 845
928 418
146 759
860 255
37 507
656 882
776 47
550 353
245 956
574 126
343 713
813 554
30 20
795 921
529 233
331 975
839 109
22 465
954 365
342 398
198 213
253 903
707 169
234 69
817 991
798 917
156 218
527 162
311 913
319 275
517 761
125 721
687 736
34 496
641 282
84 264
822 382
415 114
708 637
911 83
416 149
624 397
717 607
16 990
697 411
188 226
151 695
287 930
666 698
554 173
995 210
803 68
370 653
380 907
365 129
206 751
106 78
62 974
65 470
604 485
174 467
391 311
136 267
93 74
565 253
820 733
259 466
324 897
446 977
878 509
845 38
401 616
108 690
691 3
724 935
77 259
685 914
799 667
763 23
18 611
362 714
744 238
751 92
570 67
225 124
445 107
394 25
242 983
731 523
392 923
83 550
718 777
518 443
847 299
165 104
673 33
363 800
746 628
107 484
513 996
910 869
894 48
45 576
643 106
591 566
1000
1 1 3
1 2 4
1 3 6
1 4 6
1 5 8
1 6 9
1 7 11
1 8 10
1 9 12
1 10 13
1 11 15
1 12 15
1 13 17
1 14 18
1 15 20
1 16 18
1 17 20
1 18 21
1 19 23
1 20 23
1 21 25
1 22 26
1 23 28
1 24 27
1 25 29
1 26 30
1 27 32
1 28 32
1 29 34
1 30 35
1 31 37
1 32 34
1 33 36
1 34 37
1 35 39
1 36 39
1 37 41
1 38 42
1 39 44
1 40 43
1 41 45
1 42 46
1 43 48
1 44 48
1 45 50
1 46 51
1 47 53
1 48 51
1 49 53
1 50 54
1 51 56
1 52 56
1 53 58
1 54 59
1 55 61
1 56 60
1 57 62
1 58 63
1 59 65
1 60 65
1 61 67
1 62 68
1 63 70
1 64 66
1 65 68
1 66 69
1 67 71
1 68 71
1 69 73
1 70 74
1 71 76
1 72 75
1 73 77
1 74 78
1 75 80
1 76 80
1 77 82
1 78 83
1 79 85
1 80 83
1 81 85
1 82 86
1 83 88
1 84 88
1 85 90
1 86 91
1 87 93
1 88 92
1 89 94
1 90 95
1 91 97
1 92 97
1 93 99
1 94 100
1 95 102
1 96 99
1 97 101
1 98 102
1 99 104
1 100 104
1 101 106
1 102 107
1 103 109
1 104 108
1 105 110
1 106 111
1 107 113
1 108 113
1 109 115
1 110 116
1 111 118
1 112 116
1 113 118
1 114 119
1 115 121
1 116 121
1 117 123
1 118 124
1 119 126
1 120 125
1 121 127
1 122 128
1 123 130
1 124 130
1 125 132
1 126 133
1 127 135
1 128 130
1 129 132
1 130 133
1 131 135
1 132 135
1 133 137
1 134 138
1 135 140
1 136 139
1 137 141
1 138 142
1 139 144
1 140 144
1 141 146
1 142 147
1 143 149
1 144 147
1 145 149
1 146 150
1 147 152
1 148 152
1 149 154
1 150 155
1 151 157
1 152 156
1 153 158
1 154 159
1 155 161
1 156 161
1 157 163
1 158 164
1 159 166
1 160 163
1 161 165
1 162 166
1 163 168
1 164 168
1 165 170
1 166 171
1 167 173
1 168 172
1 169 174
1 170 175
1 171 177
1 172 177
1 173 179
1 174 180
1 175 182
1 176 180
1 177 182
1 178 183
1 179 185
1 180 185
1 181 187
1 182 188
1 183 190
1 184 189
1 185 191
1 186 192
1 187 194
1 188 194
1 189 196
1 190 197
1 191 199
1 192 195
1 193 197
1 194 198
1 195 200
1 196 200
1 197 202
1 198 203
1 199 205
1 200 204
1 201 206
1 202 207
1 203 209
1 204 209
1 205 211
1 206 212
1 207 214
1 208 212
1 209 214
1 210 215
1 211 217
1 212 217
1 213 219
1 214 220
1 215 222
1 216 221
1 217 223
1 218 224
1 219 226
1 220 226
1 221 228
1 222 229
1 223 231
1 224 228
1 225 230
1 226 231
1 227 233
1 228 233
1 229 235
1 230 236
1 231 238
1 232 237
1 233 239
1 234 240
1 235 242
1 236 242
1 237 244
1 238 245
1 239 247
1 240 245
1 241 247
1 242 248
1 243 250
1 244 250
1 245 252
1 246 253
1 247 255
1 248 254
1 249 256
1 250 257
1 251 259
1 252 259
1 253 261
1 254 262
1 255 264
1 256 258
1 257 260
1 258 261
1 259 263
1 260 263
1 261 265
1 262 266
1 263 268
1 264 267
1 265 269
1 266 270
1 267 272
1 268 272
1 269 274
1 270 275
1 271 277
1 272 275
1 273 277
1 274 278
1 275 280
1 276 280
1 277 282
1 278 283
1 279 285
1 280 284
1 281 286
1 282 287
1 283 289
1 284 289
1 285 291
1 286 292
1 287 294
1 288 291
1 289 293
1 290 294
1 291 296
1 292 296
1 293 298
1 294 299
1 295 301
1 296 300
1 297 302
1 298 303
1 299 305
1 300 305
1 301 307
1 302 308
1 303 310
1 304 308
1 305 310
1 306 311
1 307 313
1 308 313
1 309 315
1 310 316
1 311 318
1 312 317
1 313 319
1 314 320
1 315 322
1 316 322
1 317 324
1 318 325
1 319 327
1 320 323
1 321 325
1 322 326
1 323 328
1 324 328
1 325 330
1 326 331
1 327 333
1 328 332
1 329 334
1 330 335
1 331 337
1 332 337
1 333 339
1 334 340
1 335 342
1 336 340
1 337 342
1 338 343
1 339 345
1 340 345
1 341 347
1 342 348
1 343 350
1 344 349
1 345 351
1 346 352
1 347 354
1 348 354
1 349 356
1 350 357
1 351 359
1 352 356
1 353 358
1 354 359
1 355 361
1 356 361
1 357 363
1 358 364
1 359 366
1 360 365
1 361 367
1 362 368
1 363 370
1 364 370
1 365 372
1 366 373
1 367 375
1 368 373
1 369 375
1 370 376
1 371 378
1 372 378
1 373 380
1 374 381
1 375 383
1 376 382
1 377 384
1 378 385
1 379 387
1 380 387
1 381 389
1 382 390
1 383 392
1 384 387
1 385 389
1 386 390
1 387 392
1 388 392
1 389 394
1 390 395
1 391 397
1 392 396
1 393 398
1 394 399
1 395 401
1 396 401
1 397 403
1 398 404
1 399 406
1 400 404
1 401 406
1 402 407
1 403 409
1 404 409
1 405 411
1 406 412
1 407 414
1 408 413
1 409 415
1 410 416
1 411 418
1 412 418
1 413 420
1 414 421
1 415 423
1 416 420
1 417 422
1 418 423
1 419 425
1 420 425
1 421 427
1 422 428
1 423 430
1 424 429
1 425 431
1 426 432
1 427 434
1 428 434
1 429 436
1 430 437
1 431 439
1 432 437
1 433 439
1 434 440
1 435 442
1 436 442
1 437 444
1 438 445
1 439 447
1 440 446
1 441 448
1 442 449
1 443 451
1 444 451
1 445 453
1 446 454
1 447 456
1 448 452
1 449 454
1 450 455
1 451 457
1 452 457
1 453 459
1 454 460
1 455 462
1 456 461
1 457 463
1 458 464
1 459 466
1 460 466
1 461 468
1 462 469
1 463 471
1 464 469
1 465 471
1 466 472
1 467 474
1 468 474
1 469 476
1 470 477
1 471 479
1 472 478
1 473 480
1 474 481
1 475 483
1 476 483
1 477 485
1 478 486
1 479 488
1 480 485
1 481 487
1 482 488
1 483 490
1 484 490
1 485 492
1 486 493
1 487 495
1 488 494
1 489 496
1 490 497
1 491 499
1 492 499
1 493 501
1 494 502
1 495 504
1 496 502
1 497 504
1 498 505
1 499 507
1 500 507
1 501 509
1 502 510
1 503 512
1 504 511
1 505 513
1 506 514
1 507 516
1 508 516
1 509 518
1 510 519
1 511 521
1 512 514
1 513 516
1 514 517
1 515 519
1 516 519
1 517 521
1 518 522
1 519 524
1 520 523
1 521 525
1 522 526
1 523 528
1 524 528
1 525 530
1 526 531
1 527 533
1 528 531
1 529 533
1 530 534
1 531 536
1 532 536
1 533 538
1 534 539
1 535 541
1 536 540
1 537 542
1 538 543
1 539 545
1 540 545
1 541 547
1 542 548
1 543 550
1 544 547
1 545 549
1 546 550
1 547 552
1 548 552
1 549 554
1 550 555
1 551 557
1 552 556
1 553 558
1 554 559
1 555 561
1 556 561
1 557 563
1 558 564
1 559 566
1 560 564
1 561 566
1 562 567
1 563 569
1 564 569
1 565 571
1 566 572
1 567 574
1 568 573
1 569 575
1 570 576
1 571 578
1 572 578
1 573 580
1 574 581
1 575 583
1 576 579
1 577 581
1 578 582
1 579 584
1 580 584
1 581 586
1 582 587
1 583 589
1 584 588
1 585 590
1 586 591
1 587 593
1 588 593
1 589 595
1 590 596
1 591 598
1 592 596
1 593 598
1 594 599
1 595 601
1 596 601
1 597 603
1 598 604
1 599 606
1 600 605
1 601 607
1 602 608
1 603 610
1 604 610
1 605 612
1 606 613
1 607 615
1 608 612
1 609 614
1 610 615
1 611 617
1 612 617
1 613 619
1 614 620
1 615 622
1 616 621
1 617 623
1 618 624
1 619 626
1 620 626
1 621 628
1 622 629
1 623 631
1 624 629
1 625 631
1 626 632
1 627 634
1 628 634
1 629 636
1 630 637
1 631 639
1 632 638
1 633 640
1 634 641
1 635 643
1 636 643
1 637 645
1 638 646
1 639 648
1 640 643
1 641 645
1 642 646
1 643 648
1 644 648
1 645 650
1 646 651
1 647 653
1 648 652
1 649 654
1 650 655
1 651 657
1 652 657
1 653 659
1 654 660
1 655 662
1 656 660
1 657 662
1 658 663
1 659 665
1 660 665
1 661 667
1 662 668
1 663 670
1 664 669
1 665 671
1 666 672
1 667 674
1 668 674
1 669 676
1 670 677
1 671 679
1 672 676
1 673 678
1 674 679
1 675 681
1 676 681
1 677 683
1 678 684
1 679 686
1 680 685
1 681 687
1 682 688
1 683 690
1 684 690
1 685 692
1 686 693
1 687 695
1 688 693
1 689 695
1 690 696
1 691 698
1 692 698
1 693 700
1 694 701
1 695 703
1 696 702
1 697 704
1 698 705
1 699 707
1 700 707
1 701 709
1 702 710
1 703 712
1 704 708
1 705 710
1 706 711
1 707 713
1 708 713
1 709 715
1 710 716
1 711 718
1 712 717
1 713 719
1 714 720
1 715 722
1 716 722
1 717 724
1 718 725
1 719 727
1 720 725
1 721 727
1 722 728
1 723 730
1 724 730
1 725 732
1 726 733
1 727 735
1 728 734
1 729 736
1 730 737
1 731 739
1 732 739
1 733 741
1 734 742
1 735 744
1 736 741
1 737 743
1 738 744
1 739 746
1 740 746
1 741 748
1 742 749
1 743 751
1 744 750
1 745 752
1 746 753
1 747 755
1 748 755
1 749 757
1 750 758
1 751 760
1 752 758
1 753 760
1 754 761
1 755 763
1 756 763
1 757 765
1 758 766
1 759 768
1 760 767
1 761 769
1 762 770
1 763 772
1 764 772
1 765 774
1 766 775
1 767 777
1 768 771
1 769 773
1 770 774
1 771 776
1 772 776
1 773 778
1 774 779
1 775 781
1 776 780
1 777 782
1 778 783
1 779 785
1 780 785
1 781 787
1 782 788
1 783 790
1 784 788
1 785 790
1 786 791
1 787 793
1 788 793
1 789 795
1 790 796
1 791 798
1 792 797
1 793 799
1 794 800
1 795 802
1 796 802
1 797 804
1 798 805
1 799 807
1 800 804
1 801 806
1 802 807
1 803 809
1 804 809
1 805 811
1 806 812
1 807 814
1 808 813
1 809 815
1 810 816
1 811 818
1 812 818
1 813 820
1 814 821
1 815 823
1 816 821
1 817 823
1 818 824
1 819 826
1 820 826
1 821 828
1 822 829
1 823 831
1 824 830
1 825 832
1 826 833
1 827 835
1 828 835
1 829 837
1 830 838
1 831 840
1 832 836
1 833 838
1 834 839
1 835 841
1 836 841
1 837 843
1 838 844
1 839 846
1 840 845
1 841 847
1 842 848
1 843 850
1 844 850
1 845 852
1 846 853
1 847 855
1 848 853
1 849 855
1 850 856
1 851 858
1 852 858
1 853 860
1 854 861
1 855 863
1 856 862
1 857 864
1 858 865
1 859 867
1 860 867
1 861 869
1 862 870
1 863 872
1 864 869
1 865 871
1 866 872
1 867 874
1 868 874
1 869 876
1 870 877
1 871 879
1 872 878
1 873 880
1 874 881
1 875 883
1 876 883
1 877 885
1 878 886
1 879 888
1 880 886
1 881 888
1 882 889
1 883 891
1 884 891
1 885 893
1 886 894
1 887 896
1 888 895
1 889 897
1 890 898
1 891 900
1 892 900
1 893 902
1 894 903
1 895 905
1 896 900
1 897 902
1 898 903
1 899 905
1 900 905
1 901 907
1 902 908
1 903 910
1 904 909
1 905 911
1 906 912
1 907 914
1 908 914
1 909 916
1 910 917
1 911 919
1 912 917
1 913 919
1 914 920
1 915 922
1 916 922
1 917 924
1 918 925
1 919 927
1 920 926
1 921 928
1 922 929
1 923 931
1 924 931
1 925 933
1 926 934
1 927 936
1 928 933
1 929 935
1 930 936
1 931 938
1 932 938
1 933 940
1 934 941
1 935 943
1 936 942
1 937 944
1 938 945
1 939 947
1 940 947
1 941 949
1 942 950
1 943 952
1 944 950
1 945 952
1 946 953
1 947 955
1 948 955
1 949 957
1 950 958
1 951 960
1 952 959
1 953 961
1 954 962
1 955 964
1 956 964
1 957 966
1 958 967
1 959 969
1 960 965
1 961 967
1 962 968
1 963 970
1 964 970
1 965 972
1 966 973
1 967 975
1 968 974
1 969 976
1 970 977
1 971 979
1 972 979
1 973 981
1 974 982
1 975 984
1 976 982
1 977 984
1 978 985
1 979 987
1 980 987
1 981 989
1 982 990
1 983 992
1 984 991
1 985 993
1 986 994
1 987 996
1 988 996
1 989 998
1 990 999
1 991 1
1 992 998
1 993 1000
1 994 1
1 995 3
1 996 3
1 997 5
1 998 6
1 999 8
1 1000 7
