1000
21 24 26 29 21 30 20 27 30 26 21 25 23 24 24 22 30 26 29 30 21 30 20 26 24 24 29 29 26 26 23 22 30 24 20 30 24 22 24 21 22 28 30 25 22 26 24 28 28 26 29 22 25 29 30 28 25 29 21 29 24 21 20 21 28 28 22 24 21 29 28 26 29 30 21 30 24 25 21 26 27 25 26 25 28 30 24 30 27 21 22 29 24 26 29 24 27 28 29 26 22 21 21 27 21 29 20 22 24 27 27 25 24 25 20 24 20 22 26 30 26 22 28 26 24 22 28 27 23 28 27 24 20 20 29 29 25 24 21 29 28 20 27 30 22 22 28 24 24 24 25 28 23 27 28 29 22 25 28 28 29 22 25 25 25 24 20 20 22 26 21 23 28 20 27 28 29 25 30 27 30 24 30 29 26 28 22 29 25 30 29 20 26 24 24 25 25 20 24 30 21 20 26 23 22 21 20 23 30 22 30 22 29 20 23 24 30 23 24 23 29 30 30 20 29 23 27 24 25 27 22 20 24 29 20 26 20 20 29 24 25 27 23 21 26 28 27 28 21 21 28 26 22 26 20 23 22 23 28 24 25 20 23 23 29 27 30 26 25 20 30 30 30 27 30 29 22 24 20 24 23 30 22 28 27 26 20 20 22 21 24 20 29 30 27 24 25 20 28 30 22 23 25 24 21 26 22 27 22 28 27 23 23 24 27 22 21 21 25 28 22 28 23 29 26 20 24 21 29 20 26 26 30 28 23 30 23 29 27 24 26 26 22 21 28 23 29 22 28 26 24 29 28 30 20 23 27 23 23 23 24 30 21 29 20 30 28 22 27 22 21 21 22 30 30 26 27 26 23 24 29 27 22 22 30 27 24 23 26 21 21 28 30 28 23 29 28 28 29 28 27 23 26 27 21 22 23 29 26 22 26 29 25 24 25 24 30 20 21 20 24 23 26 23 27 20 20 30 27 29 27 29 25 24 29 25 29 29 22 27 25 30 25 21 22 24 23 22 21 24 28 29 30 27 23 25 24 29 27 25 26 29 23 26 24 26 21 21 25 30 24 27 20 24 28 29 30 30 20 23 22 26 20 26 26 24 23 28 30 23 27 23 29 27 23 28 21 25 24 21 21 25 27 29 21 28 27 20 22 24 25 24 28 23 20 21 24 28 20 25 30 25 27 22 28 21 22 21 28 24 25 22 23 23 28 27 24 30 24 21 23 23 25 23 24 21 25 24 27 24 22 25 26 24 30 25 27 20 23 30 27 27 28 28 25 25 26 20 27 20 22 24 22 20 29 30 27 22 20 25 25 21 20 23 27 28 24 26 28 20 26 21 29 23 21 30 20 22 27 29 22 23 20 30 28 28 22 21 25 29 20 21 23 23 21 24 24 26 21 30 24 25 27 25 26 29 20 29 27 27 22 27 21 24 25 23 30 22 24 23 22 24 24 25 27 25 20 20 24 27 22 30 26 25 30 25 30 22 28 21 24 24 25 27 22 28 24 21 22 28 25 27 28 20 21 27 20 20 22 22 26 29 24 22 25 25 28 27 24 25 22 30 23 25 28 24 25 29 27 21 26 27 22 29 25 26 28 27 27 24 23 23 22 25 24 29 25 22 21 28 27 26 30 23 20 22 20 26 30 28 24 25 20 30 26 20 21 26 25 25 23 29 28 25 29 21 27 27 28 22 22 26 26 30 27 30 28 28 20 28 29 24 30 23 25 26 27 29 27 30 21 29 22 23 27 22 30 28 23 24 30 27 21 29 25 25 30 20 29 23 30 20 26 23 21 29 25 20 20 22 26 23 21 22 29 23 30 26 27 21 20 27 25 20 27 20 26 22 28 21 22 30 29 27 28 30 22 21 22 27 27 22 27 29 29 21 20 30 30 29 24 30 29 21 24 29 20 23 20 22 21 20 27 22 26 30 22 21 26 27 26 24 27 29 30 21 20 30 29 26 22 24 29 21 30 21 28 28 29 30 30 28 23 21 22 30 21 25 29 24 25 23 29 27 30 28 25 27 23 26 25 26 27 30 20 30 25 27 22 25 30 24 22 25 22 27 30 29 21 29 30 23 26 23 28 21 28 21 30 28 20 24 24 29 28 24 24 28 29 21 29 21 23 21 21 30 29 26 22 25 30 21 29 21 20 21 26 22 27 23 27 28 22 22 28 28 22 23 27 24 26 20 21 24 26 22 21 20 29 23 20 29 25 26 30 23 29 23 20 30 24 30 20 29 28 25 30 27 30 22
856 434
524 438
334 965
705 244
298 118
770 728
671 894
649 235
447 267
838 889
679 667
737 334
409 571
415 239
11 415
879 418
219 761
33 333
974 946
859 888
199 986
747 825
87 801
938 592
555 539
148 934
38 195
482 232
455 569
834 881
102 163
96 530
176 703
290 911
722 765
911 748
488 577
58 939
764 995
103 513
425 535
440 826
232 802
460 976
159 770
443 979
377 234
71 299
29 791
243 505
184 809
401 787
92 652
312 179
947 339
134 488
170 182
563 453
81 502
381 984
681 873
325 165
35 121
642 214
479 824
429 115
131 909
185 504
408 823
654 448
506 551
146 222
553 487
794 380
880 321
923 850
659 17
105 537
618 483
930 835
323 783
260 848
988 580
474 317
112 292
919 484
356 304
800 472
523 527
783 895
746 657
56 366
494 336
454 556
318 275
760 69
138 594
745 171
359 795
790 192
536 411
813 68
699 61
388 514
282 9
5 494
283 20
645 734
275 396
472 805
812 603
501 745
420 903
541 641
40 525
967 962
539 465
884 829
457 706
574 991
580 945
769 583
773 286
365 618
931 883
73 780
627 441
256 130
329 880
423 162
88 959
556 221
183 752
15 429
4 54
140 74
177 708
12 576
980 596
311 886
786 961
901 506
407 501
531 291
477 45
286 792
61 640
341 560
727 36
194 43
818 810
559 104
558 685
100 468
37 956
305 364
257 709
943 517
167 779
787 836
62 852
54 205
640 213
17 614
109 392
614 607
130 589
14 197
297 89
160 176
758 637
403 31
446 154
433 557
851 643
951 281
633 686
47 421
49 639
803 1000
693 754
172 324
676 690
753 478
771 842
226 479
742 864
8 149
675 921
528 44
702 144
588 751
941 159
995 284
550 464
308 65
384 531
338 534
66 328
569 621
16 536
815 994
940 2
739 287
328 462
217 64
181 553
398 359
492 480
270 966
573 739
935 682
866 318
893 345
610 49
567 306
837 85
348 347
26 384
662 293
115 78
246 6
694 13
374 470
342 243
677 237
706 797
353 629
606 240
885 337
934 486
370 288
241 386
932 566
873 558
379 249
598 722
542 313
596 605
757 890
845 435
397 724
728 457
732 865
847 879
239 830
917 344
761 771
278 600
733 585
623 437
657 269
978 348
53 134
422 460
624 436
522 952
613 93
824 544
427 363
898 331
906 526
322 931
142 701
518 509
821 900
362 94
187 188
99 419
52 973
960 373
434 957
519 381
437 785
715 126
335 310
345 79
336 985
204 114
792 753
903 926
419 490
394 309
220 489
663 822
406 5
458 50
280 636
581 492
60 21
697 547
206 128
686 808
277 773
816 193
926 77
218 161
905 405
578 409
592 887
703 106
750 14
977 940
91 455
465 75
985 361
688 282
486 157
439 670
944 604
855 845
207 675
371 390
714 450
899 803
840 51
908 548
340 445
784 919
648 644
67 136
735 876
529 170
402 554
18 26
661 764
503 225
291 168
351 870
125 223
721 812
609 515
292 95
161 38
306 532
894 210
203 711
664 866
82 610
736 189
958 62
333 124
251 616
876 963
734 550
230 806
650 88
564 666
832 884
339 302
34 954
268 617
129 320
197 922
809 982
253 353
7 564
1000 408
668 816
242 582
810 980
428 660
315 442
463 290
630 839
744 834
22 597
756 278
549 482
416 774
43 32
583 496
473 695
691 719
850 423
77 567
997 426
75 497
355 230
123 833
883 367
259 71
487 91
562 166
538 365
293 658
952 11
874 311
25 563
502 422
122 766
3 646
925 495
863 285
782 10
968 684
274 46
864 507
69 216
444 417
94 425
575 676
498 206
192 323
600 998
127 212
507 251
641 403
10 175
234 877
678 355
957 360
414 181
831 391
475 177
638 276
998 231
805 22
525 784
173 671
191 327
288 827
344 672
389 828
327 250
367 356
724 681
955 620
45 726
111 397
471 868
238 626
72 456
526 477
126 758
216 63
616 272
467 201
32 588
589 543
300 4
665 108
310 663
224 914
214 449
289 885
320 871
729 252
396 399
594 295
653 878
814 713
752 211
622 831
915 867
269 87
608 498
670 59
972 351
928 523
795 148
904 382
114 898
144 788
897 902
254 762
59 139
854 410
97 312
655 634
70 875
584 623
2 819
865 587
387 838
617 76
23 66
512 720
710 190
265 917
708 242
231 983
337 84
684 151
85 255
639 341
284 837
949 927
64 112
426 731
153 451
233 853
723 116
385 338
629 849
485 379
332 132
537 807
294 645
956 601
196 474
481 918
777 143
687 372
959 300
295 305
135 619
707 727
776 147
309 129
527 258
673 913
413 178
927 111
369 101
720 47
459 570
689 1
695 82
456 511
119 400
741 158
791 993
281 631
545 668
799 988
301 375
411 702
669 340
417 781
228 156
80 374
182 694
272 674
163 700
875 733
504 72
823 800
521 407
499 296
861 262
964 947
701 406
360 454
975 471
748 92
973 625
143 755
591 141
83 34
607 656
994 856
510 599
971 615
730 891
174 721
604 29
576 259
266 814
378 786
841 60
530 383
762 393
514 138
982 218
201 444
438 8
754 476
104 688
933 342
262 395
317 227
582 578
871 261
162 817
560 298
963 847
39 447
380 180
844 565
307 689
793 217
392 744
902 568
700 893
453 27
913 970
991 552
128 398
804 650
279 990
175 540
244 335
493 665
424 679
561 316
808 247
749 228
797 723
704 574
811 512
120 110
267 133
168 937
552 510
946 452
969 741
68 598
151 109
572 203
149 142
892 561
532 997
223 757
611 716
108 140
250 661
229 697
992 648
452 500
6 329
692 775
877 491
490 414
376 238
55 326
830 906
190 978
347 642
391 612
448 264
718 924
835 146
595 654
225 248
872 855
554 301
500 920
543 960
511 524
449 516
848 533
983 307
404 186
364 928
237 737
470 169
924 325
716 127
593 315
568 608
193 840
888 209
819 923
566 756
615 590
252 710
489 332
916 575
451 152
990 972
478 818
375 974
626 370
900 117
599 481
806 99
726 967
150 196
920 219
198 402
954 508
711 3
945 936
937 183
802 458
42 81
867 896
106 73
468 135
590 989
179 528
432 930
137 37
21 475
98 992
682 912
965 821
63 378
249 119
497 352
765 194
918 767
685 804
635 691
147 229
20 846
399 759
50 319
208 732
860 33
36 729
79 915
46 794
869 653
373 122
853 649
579 172
597 389
330 42
258 277
878 503
51 750
255 90
349 955
24 872
247 433
221 469
849 698
346 699
895 769
796 951
368 897
180 595
646 155
271 485
358 843
546 103
235 841
31 39
89 630
418 707
979 173
299 796
210 18
986 932
644 283
431 996
212 655
509 185
862 933
476 80
751 420
188 431
118 15
480 191
910 892
628 254
612 19
132 150
343 538
798 705
326 874
48 714
261 265
788 279
382 184
319 440
393 683
513 746
667 466
178 113
363 467
215 48
881 97
350 308
133 647
620 662
534 270
136 678
984 385
740 899
690 789
950 782
696 52
357 776
145 859
166 274
680 256
520 200
352 233
154 858
296 350
202 131
386 935
366 314
313 371
30 673
90 736
469 41
116 443
731 23
28 25
354 358
996 368
93 968
929 413
921 882
496 55
953 303
683 24
141 322
421 401
287 717
936 901
169 499
321 268
868 273
577 354
462 725
713 730
962 844
605 519
117 763
807 969
631 207
213 125
820 439
263 542
922 718
264 981
276 772
719 236
636 715
987 521
84 187
942 280
245 461
484 793
896 559
767 925
405 204
833 908
839 40
314 520
712 704
698 343
516 28
801 266
435 198
852 820
121 83
743 357
755 742
205 388
828 735
383 7
1 904
912 851
240 638
209 289
107 944
857 105
164 635
621 760
585 747
400 942
779 680
817 428
666 257
637 427
789 174
13 30
445 628
27 768
870 740
110 346
557 692
390 199
976 57
842 294
565 907
78 102
625 798
76 369
372 815
858 164
155 941
189 123
571 430
113 67
152 215
672 664
647 53
827 493
505 522
652 778
508 297
601 632
778 905
822 96
9 167
882 98
674 459
436 964
547 813
57 948
165 253
303 541
461 950
619 953
227 613
886 349
248 463
825 949
660 584
993 330
302 107
887 153
442 260
775 790
548 863
774 606
466 394
65 799
236 977
939 145
285 943
781 633
634 263
491 743
602 12
101 56
222 987
846 669
586 857
158 562
95 777
361 70
395 376
709 712
441 624
544 929
535 958
410 975
759 432
186 202
632 687
780 208
570 693
999 938
412 749
891 220
171 246
948 271
717 58
44 609
909 241
464 416
450 611
651 424
316 622
211 627
551 591
139 999
889 593
587 602
658 581
826 862
914 910
124 245
989 677
961 518
656 377
331 549
430 473
304 696
19 916
41 811
738 35
156 387
643 854
540 579
495 160
74 412
843 832
200 971
772 120
829 446
324 586
890 16
981 362
768 860
86 529
766 546
483 555
603 86
763 861
836 404
533 869
515 226
966 738
517 100
157 137
195 573
907 659
970 545
725 224
273 572
496
1 4 3
1 5 4
1 6 1
1 7 2
1 8 7
1 9 8
1 10 5
1 11 10
1 13 11
1 14 6
1 15 12
1 16 9
1 17 14
1 18 13
1 19 16
1 20 17
1 21 18
1 22 20
1 23 21
1 24 22
1 25 23
1 26 19
1 27 24
1 28 15
1 29 28
1 30 27
1 31 25
1 32 31
1 33 30
1 34 26
1 35 29
1 36 34
1 37 32
1 38 36
1 39 37
1 40 38
1 41 33
1 42 41
1 43 42
1 44 39
1 45 35
1 46 40
1 47 45
1 48 43
1 49 47
1 50 44
1 51 46
1 52 50
1 53 48
1 54 51
1 55 49
1 56 54
1 57 52
1 58 56
1 59 57
1 60 59
1 61 53
1 62 55
1 63 60
1 64 62
1 65 58
1 66 63
1 67 61
1 68 66
1 69 64
1 70 65
1 71 69
1 72 67
1 73 70
1 74 68
1 75 72
1 76 71
1 77 74
1 78 73
1 79 77
1 80 76
1 81 78
1 82 81
1 83 82
1 84 75
1 85 84
1 86 85
1 87 80
1 88 86
1 89 79
1 90 87
1 91 90
1 92 83
1 93 91
1 94 92
1 95 88
1 96 93
1 97 95
1 98 96
1 99 97
1 100 94
1 101 89
1 102 101
1 103 98
1 104 103
1 105 100
1 106 102
1 107 105
1 108 104
1 109 106
1 110 108
1 111 99
1 112 109
1 113 110
1 114 113
1 115 107
1 116 112
1 117 111
1 118 117
1 119 118
1 120 119
1 121 114
1 122 115
1 123 122
1 124 120
1 125 124
1 126 123
1 127 125
1 128 126
1 129 116
1 130 127
1 131 128
1 132 131
1 133 121
1 134 132
1 135 129
1 136 134
1 137 130
1 138 137
1 139 135
1 140 136
1 141 138
1 142 141
1 143 133
1 144 142
1 145 143
1 146 145
1 147 146
1 148 144
1 149 139
1 150 149
1 151 147
1 152 151
1 153 140
1 154 150
1 155 148
1 156 153
1 157 155
1 158 156
1 159 152
1 160 154
1 161 160
1 162 161
1 163 157
1 164 163
1 165 159
1 166 165
1 167 166
1 168 164
1 169 168
1 170 162
1 171 158
1 172 169
1 173 170
1 174 171
1 175 173
1 176 167
1 177 172
1 178 176
1 179 178
1 180 179
1 181 177
1 182 175
1 183 182
1 184 183
1 185 181
1 186 174
1 187 185
1 188 180
1 189 188
1 190 187
1 191 184
1 192 190
1 193 191
1 194 189
1 195 193
1 196 186
1 197 192
1 198 197
1 199 196
1 200 195
1 201 199
1 202 201
1 203 202
1 204 203
1 205 194
1 206 198
1 207 204
1 208 205
1 209 208
1 210 209
1 211 210
1 212 211
1 213 206
1 214 212
1 215 213
1 216 207
1 217 214
1 218 216
1 219 200
1 220 217
1 221 218
1 222 215
1 223 221
1 224 222
1 225 224
1 226 219
1 227 223
1 228 220
1 229 228
1 230 229
1 231 226
1 232 225
1 233 232
1 234 230
1 235 227
1 236 235
1 237 236
1 238 231
1 239 238
1 240 239
1 241 233
1 242 240
1 243 242
1 244 241
1 245 234
1 246 244
1 247 237
1 248 247
1 249 243
1 250 246
1 251 245
1 252 251
1 253 249
1 254 250
1 255 253
1 256 255
1 257 252
1 258 248
1 259 256
1 260 259
1 261 257
1 262 258
1 263 254
1 264 263
1 265 261
1 266 262
1 267 264
1 268 266
1 269 268
1 270 265
1 271 269
1 272 267
1 273 270
1 274 260
1 275 274
1 276 271
1 277 273
1 278 276
1 279 272
1 280 279
1 281 277
1 282 281
1 283 275
1 284 278
1 285 280
1 286 283
1 287 286
1 288 287
1 289 288
1 290 284
1 291 282
1 292 291
1 293 290
1 294 289
1 295 292
1 296 293
1 297 294
1 298 285
1 299 295
1 300 299
1 301 300
1 302 301
1 303 296
1 304 303
1 305 304
1 306 302
1 307 298
1 308 305
1 309 297
1 310 309
1 311 310
1 312 307
1 313 306
1 314 312
1 315 311
1 316 308
1 317 313
1 318 316
1 319 318
1 320 317
1 321 314
1 322 315
1 323 319
1 324 323
1 325 321
1 326 320
1 327 322
1 328 324
1 329 325
1 330 329
1 331 327
1 332 330
1 333 326
1 334 331
1 335 334
1 336 333
1 337 336
1 338 337
1 339 332
1 340 335
1 341 328
1 342 341
1 343 340
1 344 338
1 345 344
1 346 339
1 347 342
1 348 345
1 349 343
1 350 346
1 351 347
1 352 350
1 353 351
1 354 352
1 355 349
1 356 355
1 357 348
1 358 357
1 359 358
1 360 353
1 361 354
1 362 360
1 363 356
1 364 363
1 365 362
1 366 361
1 367 364
1 368 359
1 369 366
1 370 365
1 371 367
1 372 369
1 373 371
1 374 372
1 375 373
1 376 370
1 377 368
1 378 375
1 379 377
1 380 378
1 381 380
1 382 376
1 383 374
1 384 382
1 385 381
1 386 383
1 387 379
1 388 387
1 389 388
1 390 389
1 391 385
1 392 386
1 393 391
1 394 390
1 395 384
1 396 394
1 397 392
1 398 397
1 399 396
1 400 399
1 401 395
1 402 398
1 403 402
1 404 393
1 405 401
1 406 400
1 407 406
1 408 407
1 409 403
1 410 404
1 411 410
1 412 409
1 413 411
1 414 413
1 415 412
1 416 405
1 417 415
1 418 416
1 419 414
1 420 419
1 421 420
1 422 421
1 423 418
1 424 423
1 425 408
1 426 425
1 427 422
1 428 427
1 429 426
1 430 429
1 431 428
1 432 430
1 433 431
1 434 432
1 435 434
1 436 433
1 437 424
1 438 435
1 439 438
1 440 436
1 441 437
1 442 417
1 443 440
1 444 443
1 445 441
1 446 445
1 447 442
1 448 439
1 449 447
1 450 446
1 451 450
1 452 444
1 453 449
1 454 453
1 455 452
1 456 454
1 457 451
1 458 455
1 459 458
1 460 456
1 461 457
1 462 460
1 463 448
1 464 459
1 465 461
1 466 463
1 467 465
1 468 467
1 469 462
1 470 469
1 471 466
1 472 464
1 473 471
1 474 470
1 475 474
1 476 472
1 477 475
1 478 473
1 479 476
1 480 479
1 481 480
1 482 468
1 483 482
1 484 481
1 485 483
1 486 484
1 487 478
1 488 477
1 489 485
1 490 488
1 491 486
1 492 489
1 493 491
1 494 487
1 495 493
1 496 495
1 497 492
1 498 494
1 499 497
1 500 496