1000
27 25 30 30 25 28 28 28 28 26 27 26 30 30 25 28 29 27 25 30 26 28 29 30 26 27 26 25 28 28 28 30 27 27 29 28 27 29 30 29 25 30 25 30 28 29 29 26 29 29 28 25 29 27 30 29 28 27 28 26 26 26 27 27 25 30 27 26 28 30 30 25 29 26 27 28 30 25 27 28 25 26 30 29 28 25 27 28 26 28 28 25 30 26 30 29 29 28 26 28 28 27 29 26 27 28 29 25 28 29 30 25 26 30 26 30 27 27 27 27 30 28 27 29 27 26 27 30 29 25 28 30 26 29 29 27 30 28 28 26 27 27 27 27 26 27 26 28 27 25 29 25 25 29 25 26 27 27 28 27 28 26 27 30 28 27 29 26 30 25 28 30 26 29 29 27 25 28 25 29 28 30 26 29 30 25 27 28 30 28 30 26 27 27 26 28 27 25 26 28 26 25 27 26 27 28 28 28 27 30 26 26 29 30 28 26 29 30 28 30 28 26 27 28 26 26 28 27 26 26 29 30 30 30 28 26 27 27 28 27 26 26 28 28 30 29 26 25 27 25 25 25 30 25 25 28 28 25 28 26 26 26 25 29 28 26 26 29 26 29 26 25 27 27 25 30 28 28 26 30 25 28 27 29 28 26 30 25 26 29 25 28 26 28 29 25 28 29 30 28 27 28 25 26 26 25 25 25 29 27 28 26 25 29 28 25 28 30 30 26 28 27 28 25 26 26 28 25 27 30 29 25 30 28 26 26 27 30 25 29 29 30 27 29 27 26 27 25 30 29 25 26 28 29 26 30 28 25 28 25 27 30 28 28 25 27 28 30 27 30 30 29 30 29 28 27 28 26 30 30 30 30 27 25 29 30 28 30 25 27 30 25 27 27 27 25 27 25 27 26 29 26 25 29 25 28 29 26 28 30 28 27 29 25 28 25 30 27 26 28 26 29 30 27 29 25 29 25 30 25 25 27 26 25 27 27 29 25 30 25 27 26 27 25 25 25 27 29 28 27 28 26 27 25 27 29 25 28 30 25 25 27 30 30 30 29 26 30 25 27 29 26 28 27 28 26 28 30 29 28 25 30 27 26 29 30 28 30 30 26 30 25 25 28 27 25 26 25 26 26 26 28 28 29 27 25 29 25 29 30 26 30 29 28 29 28 28 26 28 25 28 29 26 25 25 29 26 26 28 26 29 28 29 27 29 28 27 25 30 29 29 27 29 29 28 25 26 29 27 29 29 27 26 29 29 30 26 25 27 27 28 28 25 30 27 27 27 27 30 29 26 26 28 26 25 27 27 30 27 29 27 26 29 25 29 28 29 28 26 29 28 29 29 30 28 26 26 27 30 27 26 29 29 27 27 30 25 27 27 28 30 28 26 25 26 29 26 27 28 29 25 30 30 25 25 28 25 26 28 29 29 27 26 29 29 26 26 27 25 27 25 27 26 28 29 29 28 26 26 29 29 28 25 28 30 28 25 28 27 27 28 30 29 30 30 29 25 29 25 27 25 30 30 26 27 27 28 29 28 28 30 26 25 26 30 25 26 25 25 25 27 30 28 27 28 28 27 29 26 30 28 29 29 26 25 27 25 26 28 26 30 25 26 29 28 30 29 29 25 25 30 30 28 26 27 29 29 28 29 25 26 28 26 28 30 27 28 26 30 29 27 27 30 28 27 27 28 29 27 26 25 29 30 29 27 30 26 25 27 30 29 27 29 25 25 25 26 26 29 26 25 25 30 26 27 29 26 29 25 28 27 30 28 27 30 25 27 29 25 25 30 25 27 29 26 26 28 25 27 28 29 25 30 27 29 29 26 25 27 27 29 25 30 27 28 29 26 30 27 30 30 30 27 29 29 28 29 27 28 27 30 30 28 28 29 28 28 29 28 26 27 28 28 29 25 26 26 29 27 27 26 30 25 28 27 28 30 27 26 30 30 29 27 29 30 25 29 28 29 29 25 28 26 28 28 25 26 29 25 27 25 30 27 30 29 28 27 29 26 30 27 28 28 27 26 30 29 29 25 25 28 26 28 30 25 27 30 30 30 30 27 25 30 30 25 28 28 25 30 26 27 25 29 30 30 29 30 25 30 26 29 30 29 25 30 27 27 30 27 29 30 28 28 27 25 27 27 28 28 29 27 25 26 28 25 29 26 25 30 28 30 29 26 30 27 28 29 30 27 25 26 25 30 27 29 27 25 30 28 30 28 25 26 30 30 27 27 26 30 29 26 30 29 25 28 28 28 27 28 27
772 529
572 59
692 470
701 930
627 415
597 978
269 136
562 692
56 198
322 770
549 461
630 959
125 839
676 256
975 722
407 64
914 541
700 684
242 100
159 249
294 18
418 330
636 824
348 997
596 141
8 876
585 54
63 447
781 957
827 479
280 511
90 593
340 992
424 732
942 932
33 253
528 636
863 15
487 251
43 458
856 844
556 707
9 380
301 517
882 607
74 236
945 616
947 51
475 854
73 637
335 793
612 27
609 180
346 390
304 777
161 111
783 163
206 475
993 351
706 812
894 865
899 638
264 533
430 569
754 48
39 736
46 923
733 730
152 8
147 490
843 342
520 941
622 404
583 84
485 42
411 244
186 260
624 963
741 987
223 305
108 827
205 795
803 250
586 90
861 398
732 981
143 612
858 288
20 222
375 321
224 235
471 713
106 481
332 972
566 712
136 995
492 283
144 985
730 394
288 524
196 228
759 602
886 928
185 983
818 802
561 294
831 964
523 656
409 898
252 147
955 774
201 334
468 291
739 882
658 91
110 255
216 951
834 93
61 611
341 831
472 910
551 718
26 373
867 387
974 488
54 303
938 743
836 49
534 245
208 762
567 965
261 450
169 542
768 698
72 10
270 683
48 34
797 296
123 623
530 381
202 632
173 320
34 606
696 605
183 401
1 213
751 82
671 768
591 115
531 947
790 897
565 259
97 622
449 157
918 585
104 819
279 423
560 962
328 86
100 546
546 495
190 128
181 582
32 998
749 850
750 152
51 836
27 952
505 293
683 738
128 174
801 248
329 804
302 405
163 14
311 75
682 88
832 445
640 400
902 694
833 36
309 989
998 208
13 486
66 771
365 125
155 733
805 358
55 500
2 354
643 916
141 883
417 791
653 520
809 512
582 769
848 353
197 881
180 399
71 835
791 85
654 641
493 734
364 412
476 902
535 716
405 188
278 483
225 888
600 757
971 948
557 853
841 825
40 492
500 986
380 459
41 289
598 73
88 515
721 917
103 45
194 855
160 895
718 727
991 323
990 856
927 873
230 421
423 416
723 360
80 911
763 224
764 714
543 866
944 194
419 657
626 324
667 627
18 32
634 909
674 156
415 35
603 767
408 465
395 510
860 784
87 277
412 112
513 58
212 969
508 41
883 308
922 206
379 102
684 409
651 252
6 315
529 750
925 67
853 453
331 721
381 114
979 142
98 583
606 643
363 50
511 696
361 290
956 322
607 869
907 739
731 155
241 161
244 110
483 361
981 896
320 559
948 124
122 497
342 682
921 11
727 424
130 129
578 961
457 262
507 552
36 509
168 411
89 519
735 624
107 496
345 392
232 105
983 292
657 823
462 6
15 406
849 480
217 789
256 597
154 379
433 233
845 366
678 131
704 880
265 133
324 217
219 560
592 507
737 760
460 456
254 225
174 21
247 663
699 98
198 717
526 76
679 775
617 527
608 501
362 610
649 265
231 410
804 275
740 422
149 642
712 87
663 223
200 558
828 499
669 994
191 803
917 568
221 197
960 557
744 165
171 469
525 956
573 349
670 565
273 668
691 764
755 94
992 919
23 135
903 715
795 446
926 993
3 797
334 590
752 280
137 473
988 814
326 621
258 745
402 31
52 807
647 792
923 414
852 241
422 562
446 184
638 316
399 65
1000 126
814 345
99 966
325 347
916 313
164 365
58 211
440 284
102 121
482 452
425 68
931 782
497 887
887 162
846 871
172 403
756 945
227 805
550 859
539 202
333 664
287 651
203 107
728 725
69 851
968 269
822 191
282 706
537 594
838 513
432 435
439 16
338 44
659 833
726 466
499 615
527 634
243 531
495 433
509 298
228 555
579 60
162 815
786 385
463 3
619 652
239 645
720 314
234 755
377 809
65 460
774 420
443 164
524 608
771 728
240 973
175 254
694 936
784 367
594 669
502 837
473 89
778 661
390 384
920 829
593 677
290 939
817 297
747 711
398 773
879 564
959 754
570 175
286 676
233 650
253 999
496 516
743 494
690 196
782 640
115 122
455 838
980 257
666 30
94 977
474 703
126 395
427 598
135 648
414 43
129 942
142 752
195 710
936 826
387 331
909 56
428 340
92 272
291 864
384 566
450 287
410 182
758 326
297 870
824 52
448 575
267 655
710 890
369 183
725 525
584 737
568 551
614 203
37 505
854 933
79 908
580 666
479 620
799 104
134 368
621 518
314 391
866 545
870 776
442 53
211 37
816 167
238 587
30 408
901 960
343 449
935 185
337 979
891 397
383 685
982 270
373 268
218 5
660 991
306 146
939 619
851 830
620 680
101 97
777 886
11 101
382 57
554 153
370 958
25 437
766 885
319 238
47 332
349 80
285 166
703 318
950 821
62 454
179 625
655 285
111 344
668 148
222 840
664 526
689 693
984 968
632 150
355 352
542 934
987 937
21 578
339 731
972 502
413 199
829 264
645 576
637 832
263 372
327 337
5 842
695 528
459 915
552 172
547 761
798 498
429 861
708 857
426 903
378 489
312 592
788 120
120 532
722 333
544 796
878 925
802 189
941 474
272 428
623 307
952 538
884 336
970 66
113 168
563 389
837 631
374 171
928 339
757 841
235 239
466 7
517 327
10 931
976 662
488 654
347 484
943 690
358 431
932 798
461 573
625 967
255 227
118 901
77 106
372 74
352 709
376 186
354 571
880 325
571 544
393 758
965 984
371 600
276 311
873 872
588 209
187 261
811 686
385 62
182 943
913 143
545 229
283 455
839 630
356 702
295 503
93 130
548 24
826 471
105 875
973 644
501 574
644 626
67 17
806 29
215 920
445 144
389 276
336 363
569 425
734 299
855 79
167 647
977 889
808 584
929 442
825 846
680 13
652 536
767 749
705 577
842 674
204 117
967 599
83 521
581 765
14 55
480 744
746 46
628 230
289 396
353 847
865 629
738 9
911 756
431 603
576 193
890 457
810 858
260 628
386 374
575 950
962 448
246 906
404 83
711 214
451 740
259 113
199 990
760 604
321 200
132 477
438 790
131 177
81 151
368 726
133 595
876 982
859 596
533 25
166 149
821 413
707 671
403 550
823 800
138 139
964 848
308 371
91 306
303 878
213 300
139 766
888 103
53 801
275 39
494 783
158 472
96 375
997 463
434 697
220 946
188 554
574 302
681 506
421 47
796 137
978 893
209 158
452 169
145 282
951 436
444 2
237 145
82 787
28 281
633 794
64 788
601 687
919 364
357 19
489 417
401 237
522 567
555 226
540 708
170 362
794 378
86 434
881 138
753 548
257 862
729 92
271 482
516 109
702 695
785 319
391 231
813 781
807 134
498 267
350 701
840 892
850 192
819 38
519 539
953 240
559 955
937 779
68 976
541 924
192 81
140 601
616 849
42 786
469 868
114 522
484 799
930 462
897 468
713 534
481 929
305 212
698 874
318 980
251 295
792 808
177 926
515 393
29 860
60 154
742 218
4 187
512 591
116 813
896 179
961 273
189 514
872 700
24 735
762 221
226 432
400 907
761 523
688 63
748 440
119 816
871 609
673 581
292 301
392 119
885 341
864 672
366 914
262 376
293 279
912 71
397 828
587 317
656 70
985 753
716 699
313 843
150 834
613 343
553 543
124 751
709 118
969 996
915 659
697 678
745 724
590 382
406 181
148 867
908 547
773 77
31 23
954 304
776 247
610 286
85 852
153 159
45 386
940 72
946 665
641 535
635 588
229 258
820 132
281 572
491 232
629 748
868 266
800 954
769 759
665 426
274 348
156 646
330 309
650 918
351 817
521 660
675 234
693 427
146 653
35 338
284 271
599 438
165 940
504 328
298 884
615 570
207 820
70 691
315 927
639 913
193 220
604 618
464 806
506 4
904 742
112 123
994 811
933 439
589 970
344 478
84 176
538 670
995 419
714 242
266 441
420 69
736 537
898 818
19 589
895 355
719 356
316 140
437 877
157 563
789 988
454 912
394 763
17 675
176 633
367 705
724 617
388 370
905 178
12 383
963 487
686 246
503 904
249 170
874 430
59 614
595 891
477 561
441 210
359 540
812 108
514 312
815 935
558 95
780 747
787 61
456 467
78 953
687 905
236 704
646 863
892 116
717 429
715 274
775 216
486 667
117 556
793 350
672 173
765 205
317 688
465 894
835 635
75 586
7 493
447 377
847 402
830 649
490 639
210 346
49 96
957 689
467 504
296 451
605 553
900 720
518 746
999 899
862 673
989 207
966 921
779 28
50 204
618 922
611 785
577 485
986 418
44 772
924 444
268 729
532 810
510 508
300 215
906 263
602 243
453 741
875 201
910 443
323 658
299 975
214 160
416 679
949 579
307 723
478 99
889 40
642 681
844 1000
76 190
310 388
648 464
436 12
178 530
877 33
661 491
245 613
109 335
57 310
631 822
685 476
677 26
458 407
536 974
770 780
893 329
470 219
662 778
277 949
934 22
360 369
38 357
22 879
16 127
121 195
869 1
151 900
95 278
857 845
248 78
184 971
127 580
564 719
396 938
250 549
435 944
996 359
1000
1 1 958
1 213 370
1 869 388
1 300 310
1 607 57
1 215 382
1 882 590
1 920 334
1 739 201
1 829 875
1 907 105
1 264 232
1 400 491
1 533 661
1 640 778
1 25 662
1 782 976
1 437 68
1 931 425
1 877 569
1 10 430
1 33 874
1 72 698
1 253 768
1 940 671
1 999 707
1 165 556
1 899 117
1 744 204
1 638 50
1 480 363
1 316 336
1 849 884
1 140 298
1 616 509
1 601 36
1 945 833
1 687 659
1 756 915
1 905 459
1 911 380
1 178 9
1 80 738
1 530 683
1 349 270
1 381 982
1 573 876
1 114 8
1 461 152
1 522 750
1 549 529
1 567 772
1 250 44
1 965 338
1 803 35
1 984 415
1 191 627
1 968 667
1 822 486
1 269 13
1 631 680
1 136 620
1 837 479
1 995 827
1 502 108
1 419 812
1 972 706
1 657 282
1 332 145
1 823 237
1 47 401
1 800 183
1 421 369
1 954 360
1 230 723
1 304 307
1 628 623
1 777 123
1 260 112
1 886 412
1 186 364
1 928 919
1 376 992
1 339 340
1 262 428
1 731 272
1 457 92
1 155 729
1 890 268
1 733 373
1 710 26
1 730 677
1 195 593
1 394 90
1 121 586
1 763 75
1 102 311
1 224 276
1 379 389
1 235 563
1 154 157
1 239 449
1 60 343
1 645 613
1 579 245
1 576 534
1 949 713
1 193 471
1 277 826
1 220 936
1 87 694
1 946 902
1 712 476
1 665 685
1 566 383
1 426 12
1 384 436
1 903 951
1 390 216
1 715 775
1 346 679
1 274 416
1 210 423
1 348 279
1 441 293
1 997 505
1 266 37
1 463 211
1 868 58
1 3 513
1 469 838
1 797 455
1 171 283
1 296 492
1 374 40
1 451 889
1 386 977
1 740 94
1 45 755
1 422 234
1 103 675
1 562 17
1 888 67
1 692 925
1 225 878
1 470 303
1 254 54
1 219 585
1 175 918
1 560 650
1 570 233
1 962 433
1 615 495
1 448 546
1 499 100
1 575 242
1 828 714
1 950 764
1 397 691
1 821 70
1 891 656
1 413 523
1 595 761
1 199 547
1 133 908
1 990 79
1 265 855
1 856 194
1 649 944
1 844 435
1 830 432
1 1000 226
1 851 555
1 126 228
1 69 196
1 395 690
1 420 943
1 510 182
1 774 410
1 508 231
1 955 391
1 41 314
1 559 720
1 289 900
1 320 151
1 396 81
1 173 192
1 938 850
1 672 749
1 743 767
1 864 603
1 494 431
1 291 358
1 783 805
1 468 227
1 163 255
1 897 110
1 14 244
1 790 411
1 55 168
1 438 113
1 500 259
1 599 565
1 986 670
1 967 538
1 418 952
1 625 27
1 330 612
1 179 143
1 309 913
1 896 639
1 989 490
1 981 147
1 207 252
1 732 651
1 820 287
1 424 450
1 132 261
1 727 187
1 477 20
1 718 4
1 561 222
1 551 506
1 294 840
1 568 681
1 18 892
1 917 642
1 32 116
1 721 149
1 998 813
1 331 166
1 208 781
1 387 285
1 762 957
1 867 655
1 221 689
1 148 267
1 197 693
1 668 498
1 881 427
1 273 798
1 138 598
1 961 932
1 139 73
1 578 942
1 766 637
1 21 129
1 885 832
1 174 130
1 341 445
1 128 93
1 831 144
1 190 834
1 964 985
1 76 150
1 848 753
1 526 632
1 353 548
1 664 202
1 847 24
1 333 539
1 402 735
1 722 519
1 31 624
1 975 89
1 23 963
1 299 473
1 135 487
1 734 137
1 648 251
1 493 796
1 464 295
1 7 544
1 806 503
1 466 571
1 29 904
1 726 354
1 860 742
1 368 2
1 784 218
1 134 444
1 367 5
1 807 924
1 705 842
1 52 541
1 577 674
1 824 914
1 485 156
1 636 366
1 42 646
1 528 845
1 786 863
1 695 857
1 385 15
1 702 708
1 62 406
1 356 540
1 454 181
1 719 359
1 912 582
1 564 996
1 71 769
1 879 969
1 835 759
1 22 212
1 635 602
1 934 305
1 588 243
1 542 223
1 209 531
1 169 663
1 158 947
1 452 247
1 472 51
1 482 776
1 910 836
1 271 870
1 443 49
1 284 297
1 164 96
1 440 817
1 365 375
1 748 351
1 125 321
1 629 993
1 839 200
1 865 926
1 630 558
1 894 177
1 959 95
1 465 131
1 754 278
1 408 678
1 48 483
1 30 697
1 34 361
1 666 434
1 606 290
1 580 86
1 643 939
1 127 328
1 916 619
1 16 504
1 313 652
1 439 467
1 843 536
1 933 456
1 342 974
1 854 460
1 682 488
1 475 65
1 88 654
1 206 399
1 515 641
1 922 180
1 393 535
1 618 609
1 758 716
1 604 871
1 326 699
1 760 846
1 621 98
1 737 825
1 518 583
1 584 841
1 746 84
1 808 757
1 46 176
1 792 600
1 923 633
1 647 371
1 414 794
1 167 308
1 43 378
1 816 883
1 458 489
1 119 141
1 407 417
1 392 596
1 64 791
1 345 859
1 788 85
1 814 550
1 120 852
1 988 403
1 532 241
1 789 172
1 810 161
1 217 552
1 858 111
1 324 507
1 288 344
1 626 592
1 524 478
1 644 312
1 608 99
1 973 514
1 501 966
1 240 189
1 574 921
1 953 802
1 302 11
1 78 818
1 405 101
1 248 898
1 188 97
1 801 409
1 554 622
1 53 684
1 153 404
1 442 700
1 159 83
1 929 872
1 249 521
1 481 873
1 170 660
1 106 927
1 362 991
1 77 315
1 610 323
1 773 6
1 286 658
1 398 462
1 676 91
1 861 930
1 256 306
1 429 701
1 597 146
1 717 350
1 978 653
1 198 793
1 893 520
1 56 335
1 329 941
1 909 109
1 804 474
1 634 516
1 275 703
1 527 496
1 39 318
1 617 107
1 736 980
1 724 203
1 537 257
1 745 614
1 594 862
1 258 59
1 669 673
1 229 572
1 994 581
1 545 281
1 811 765
1 866 28
1 686 205
1 543 779
1 246 795
1 553 937
1 906 446
1 605 987
1 263 184
1 696 741
1 372 971
1 511 453
1 74 948
1 280 853
1 236 124
1 752 557
1 704 751
1 142 960
1 880 82
1 979 901
1 325 787
1 337 118
1 347 61
1 327 709
1 484 611
1 517 352
1 799 785
1 301 355
1 104 319
1 292 895
1 819 238
1 983 160
1 38 587
1 185 214
1 357 317
1 935 711
1 19 688
1 815 747
1 589 63
1 162 780
1 970 447
1 887 770
1 66 377
1 497 322
1 771 809
1 122 956
1 728 512
1 115 525
1 725 591
1 591 725
1 525 115
1 512 728
1 956 122
1 809 771
1 322 497
1 377 66
1 770 887
1 447 970
1 780 162
1 63 589
1 747 815
1 688 19
1 711 935
1 317 357
1 214 185
1 587 38
1 160 983
1 238 819
1 895 292
1 319 104
1 355 301
1 785 799
1 352 517
1 611 484
1 709 327
1 61 347
1 118 337
1 787 325
1 901 979
1 82 880
1 960 142
1 751 704
1 557 752
1 124 236
1 853 280
1 948 74
1 453 511
1 971 372
1 741 696
1 184 263
1 987 605
1 446 906
1 937 553
1 795 246
1 779 543
1 205 686
1 28 866
1 765 811
1 281 545
1 581 994
1 572 229
1 673 669
1 59 258
1 862 594
1 614 745
1 257 537
1 203 724
1 980 736
1 107 617
1 318 39
1 496 527
1 703 275
1 516 634
1 474 804
1 109 909
1 941 329
1 335 56
1 520 893
1 793 198
1 653 978
1 350 717
1 146 597
1 701 429
1 306 256
1 930 861
1 91 676
1 462 398
1 658 286
1 6 773
1 323 610
1 315 77
1 991 362
1 927 106
1 660 170
1 873 481
1 521 249
1 872 929
1 83 159
1 700 442
1 404 153
1 684 53
1 622 554
1 409 801
1 97 188
1 898 248
1 101 405
1 818 78
1 11 302
1 802 953
1 921 574
1 189 240
1 966 501
1 514 973
1 99 608
1 312 644
1 478 524
1 592 626
1 344 288
1 507 324
1 111 858
1 552 217
1 161 810
1 172 789
1 241 532
1 403 988
1 852 120
1 550 814
1 85 788
1 859 345
1 791 64
1 596 392
1 417 407
1 141 119
1 489 458
1 883 816
1 378 43
1 308 167
1 794 414
1 371 647
1 633 923
1 600 792
1 176 46
1 757 808
1 84 746
1 841 584
1 583 518
1 825 737
1 98 621
1 846 760
1 699 326
1 871 604
1 716 758
1 609 618
1 535 393
1 180 922
1 641 515
1 399 206
1 654 88
1 65 475
1 488 682
1 460 854
1 974 342
1 456 933
1 536 843
1 467 439
1 652 313
1 504 16
1 619 916
1 328 127
1 939 643
1 86 580
1 290 606
1 434 666
1 361 34
1 697 30
1 483 48
1 678 408
1 278 754
1 131 465
1 95 959
1 177 894
1 558 630
1 926 865
1 200 839
1 993 629
1 321 125
1 351 748
1 375 365
1 817 440
1 96 164
1 297 284
1 49 443
1 870 271
1 836 910
1 776 482
1 51 472
1 247 452
1 947 158
1 663 169
1 531 209
1 223 542
1 243 588
1 305 934
1 602 635
1 212 22
1 759 835
1 969 879
1 769 71
1 996 564
1 582 912
1 359 719
1 181 454
1 540 356
1 406 62
1 708 702
1 15 385
1 857 695
1 863 786
1 845 528
1 646 42
1 366 636
1 156 485
1 914 824
1 674 577
1 541 52
1 842 705
1 924 807
1 5 367
1 444 134
1 218 784
1 2 368
1 742 860
1 354 726
1 904 29
1 571 466
1 503 806
1 544 7
1 295 464
1 796 493
1 251 648
1 137 734
1 487 135
1 473 299
1 963 23
1 89 975
1 624 31
1 519 722
1 735 402
1 539 333
1 24 847
1 202 664
1 548 353
1 632 526
1 753 848
1 150 76
1 985 964
1 834 190
1 144 831
1 93 128
1 445 341
1 130 174
1 832 885
1 129 21
1 637 766
1 942 578
1 73 139
1 932 961
1 598 138
1 798 273
1 427 881
1 498 668
1 693 197
1 267 148
1 689 221
1 655 867
1 957 762
1 285 387
1 781 208
1 166 331
1 813 998
1 149 721
1 116 32
1 642 917
1 892 18
1 681 568
1 840 294
1 506 551
1 222 561
1 4 718
1 20 477
1 187 727
1 261 132
1 450 424
1 287 820
1 651 732
1 252 207
1 147 981
1 490 989
1 639 896
1 913 309
1 143 179
1 612 330
1 27 625
1 952 418
1 538 967
1 670 986
1 565 599
1 259 500
1 113 438
1 168 55
1 411 790
1 244 14
1 110 897
1 255 163
1 227 468
1 805 783
1 358 291
1 431 494
1 603 864
1 767 743
1 749 672
1 850 938
1 192 173
1 81 396
1 151 320
1 900 289
1 720 559
1 314 41
1 391 955
1 231 508
1 410 774
1 182 510
1 943 420
1 690 395
1 196 69
1 228 126
1 555 851
1 226 1000
1 432 830
1 435 844
1 944 649
1 194 856
1 855 265
1 79 990
1 908 133
1 547 199
1 761 595
1 523 413
1 656 891
1 70 821
1 691 397
1 764 950
1 714 828
1 242 575
1 100 499
1 546 448
1 495 615
1 433 962
1 233 570
1 650 560
1 918 175
1 585 219
1 54 254
1 303 470
1 878 225
1 925 692
1 67 888
1 17 562
1 675 103
1 234 422
1 755 45
1 94 740
1 977 386
1 889 451
1 40 374
1 492 296
1 283 171
1 455 797
1 838 469
1 513 3
1 58 868
1 211 463
1 37 266
1 505 997
1 293 441
1 279 348
1 423 210
1 416 274
1 679 346
1 775 715
1 216 390
1 951 903
1 436 384
1 12 426
1 383 566
1 685 665
1 476 712
1 902 946
1 694 87
1 936 220
1 826 277
1 471 193
1 713 949
1 534 576
1 245 579
1 613 645
1 343 60
1 449 239
1 157 154
1 563 235
1 389 379
1 276 224
1 311 102
1 75 763
1 586 121
1 90 394
1 593 195
1 677 730
1 26 710
1 373 733
1 268 890
1 729 155
1 92 457
1 272 731
1 428 262
1 340 339
1 992 376
1 919 928
1 364 186
1 412 886
1 112 260
1 123 777
1 623 628
1 307 304
1 723 230
1 360 954
1 369 421
1 183 800
1 401 47
1 237 823
1 145 332
1 282 657
1 706 972
1 812 419
1 108 502
1 827 995
1 479 837
1 620 136
1 680 631
1 13 269
1 486 822
1 667 968
1 627 191
1 415 984
1 35 803
1 338 965
1 44 250
1 772 567
1 529 549
1 750 522
1 152 461
1 8 114
1 876 573
1 982 381
1 270 349
1 683 530
1 738 80
1 9 178
1 380 911
1 459 905
1 915 756
1 659 687
1 833 945
1 36 601
1 509 616
1 298 140
1 884 849
1 336 316
1 363 480
1 50 638
1 204 744
1 117 899
1 556 165
1 707 999
1 671 940
1 768 253
1 698 72
1 874 33
1 430 10
1 569 877
1 425 931
1 68 437
1 976 782
1 662 25
1 778 640
1 661 533
1 491 400
1 232 264
1 105 907
1 875 829
1 201 739
1 334 920
1 590 882
1 382 215
1 57 607
1 310 300
1 388 869
1 370 213
1 958 1
