1000
12 20 7 13 22 21 14 20 24 22 21 28 8 24 18 9 20 18 20 27 23 18 27 10 2 1 10 27 22 19 24 11 28 12 30 13 24 16 2 18 12 16 24 22 20 2 16 16 2 10 27 24 15 7 19 21 14 14 22 8 19 18 6 11 3 28 18 28 17 21 28 26 15 14 19 14 1 15 15 29 23 9 3 6 4 17 23 27 7 7 26 12 19 22 15 23 3 21 13 10 14 17 11 8 17 2 3 27 15 23 27 6 1 25 15 19 19 4 28 22 1 5 11 4 29 12 8 20 19 7 1 12 11 11 6 16 18 14 27 11 19 22 7 19 23 22 17 4 5 20 18 28 12 2 1 28 6 24 14 14 8 26 29 6 10 6 13 22 21 9 25 17 24 5 11 20 23 6 26 28 10 12 5 10 25 5 22 21 21 25 17 16 18 21 28 2 19 7 28 14 22 17 10 2 7 9 11 16 15 30 27 19 3 21 15 22 9 12 27 14 4 10 22 27 17 30 29 28 14 5 5 29 14 18 5 3 6 23 26 12 7 30 19 4 12 14 9 30 3 26 12 21 26 8 10 3 7 14 30 26 14 27 18 5 13 16 15 22 17 21 30 4 3 12 22 3 20 13 8 27 15 21 25 26 26 29 26 19 26 27 23 13 20 16 26 7 9 3 22 10 15 25 5 13 27 30 13 9 27 8 1 4 24 5 6 28 29 8 28 7 12 6 5 23 8 23 7 28 6 14 12 23 4 27 23 12 28 5 3 26 2 26 13 22 14 12 16 25 10 11 17 3 5 19 14 18 18 26 27 17 4 15 12 5 22 28 19 25 2 19 1 29 19 26 9 25 22 29 8 11 29 7 21 15 3 14 7 18 1 15 2 1 30 22 8 11 17 4 21 27 27 11 23 30 25 18 14 7 3 20 2 12 11 4 19 20 26 5 20 16 21 19 10 21 27 10 3 13 8 14 2 17 27 7 19 25 23 20 2 14 4 27 14 28 25 22 24 24 13 12 17 17 26 5 8 9 27 7 8 16 10 24 20 15 28 1 4 6 16 27 3 13 28 25 20 4 7 24 13 8 30 5 5 30 25 4 2 10 9 8 10 27 23 24 19 22 22 11 22 15 8 11 2 27 11 1 7 26 5 30 4 28 2 20 3 27 18 25 21 20 8 24 21 6 17 28 19 15 26 13 17 2 26 30 11 2 16 15 28 11 22 25 8 17 14 30 19 29 20 23 8 4 7 4 20 14 12 9 12 9 5 25 18 22 5 28 16 17 30 20 17 18 8 2 10 20 13 21 12 17 8 22 23 22 29 6 13 11 4 22 7 5 14 5 12 25 27 17 15 8 10 18 30 21 29 17 28 26 27 13 2 1 7 27 19 7 1 13 25 24 17 8 5 2 3 25 9 28 5 16 19 20 13 19 1 17 8 25 20 21 25 12 29 10 23 5 1 3 8 17 4 2 22 11 17 17 9 18 30 13 24 25 15 5 2 17 3 3 11 2 27 3 6 10 13 21 20 13 8 16 3 9 11 20 14 14 12 27 30 25 3 9 23 7 20 2 13 20 16 30 3 16 5 18 13 23 19 30 11 24 1 14 18 10 14 28 8 20 26 13 27 22 10 26 19 24 11 8 1 13 22 28 23 22 30 25 4 30 18 2 10 12 7 23 16 16 5 1 10 11 7 15 7 23 11 4 9 12 8 6 4 30 15 20 16 3 19 25 5 5 26 21 14 8 20 9 9 27 19 5 22 19 19 3 15 24 7 14 1 7 19 24 6 6 28 15 17 26 1 9 20 18 17 14 9 24 26 17 2 12 14 24 5 18 14 29 21 25 11 12 5 4 16 8 2 8 24 10 28 2 23 25 30 25 10 13 28 28 2 15 29 11 19 8 23 6 22 26 14 24 24 22 8 26 1 7 24 16 25 12 17 26 28 18 10 26 21 6 6 5 24 23 7 1 28 27 29 13 17 19 17 10 14 5 7 9 23 25 18 30 10 10 12 5 16 14 14 9 30 8 12 12 16 3 19 18 25 30 5 5 26 25 24 27 17 18 11 7 19 9 7 24 5 3 15 10 18 22 3 9 20 8 3 15 10 30 13 11 26 9 2 8 23 24 5 12 11 25 5 11 4 8 24 11 21 20 7 2 7 24 20 2 4 8 26 9 8 7 8 8 18 22 2 27 26 27 12 19 5 5 18 23 23 16 24 17 16 23 12 15 9 16 23 1 11 19 11 1 19 19
442 428
935 937
98 388
964 145
951 563
490 437
908 482
743 919
173 230
719 958
236 45
467 636
775 968
121 47
312 447
7 799
281 135
674 334
419 485
334 935
831 520
625 536
78 244
805 560
757 325
575 881
932 100
595 55
314 983
658 132
637 206
680 793
937 973
488 514
763 371
780 775
75 188
390 313
866 58
460 240
630 853
147 25
601 252
626 956
452 78
170 915
614 225
923 481
759 268
607 302
636 367
670 730
797 709
689 42
330 653
585 49
606 554
243 839
851 933
922 673
594 17
9 173
793 583
247 224
218 378
186 64
732 845
192 742
858 692
148 57
215 765
880 468
74 863
776 288
657 404
328 115
662 167
622 756
279 495
712 599
707 295
920 242
894 997
517 446
407 393
890 209
500 286
849 348
714 784
290 24
826 924
738 995
433 615
679 625
109 477
42 380
603 221
470 744
391 93
941 106
302 616
307 338
343 102
810 548
854 945
146 797
739 80
734 980
27 136
158 365
918 62
710 43
339 421
204 891
197 573
292 326
631 385
270 1
978 702
323 479
921 203
83 951
794 103
184 321
177 989
341 394
883 324
210 107
230 141
477 861
280 128
160 641
959 943
24 412
311 570
899 768
681 806
71 303
928 877
943 586
37 738
991 679
938 352
32 713
272 718
708 162
494 519
683 336
807 345
992 759
241 152
354 809
382 264
464 16
479 998
881 634
567 216
542 180
86 965
207 923
203 842
685 300
513 370
873 545
338 689
178 186
675 251
823 381
161 220
93 539
968 407
466 233
564 810
30 507
199 184
617 905
13 356
561 828
514 68
537 819
214 386
868 192
162 543
506 333
472 416
165 405
458 431
129 223
950 880
867 424
92 895
907 753
764 991
672 470
882 771
492 475
814 540
648 117
26 941
758 532
297 590
512 451
644 805
60 208
809 95
421 644
491 892
6 652
308 449
884 542
396 841
463 917
212 650
404 667
191 461
799 204
554 285
392 825
33 850
223 511
163 874
317 716
438 682
415 9
879 659
741 92
827 515
345 754
610 603
660 565
485 814
313 436
194 205
505 239
346 71
686 894
106 375
254 219
596 6
931 801
16 360
58 54
997 260
503 402
8 985
529 593
690 669
248 684
861 139
176 840
461 531
619 524
696 606
540 698
532 830
824 46
285 955
431 824
387 96
87 420
927 178
153 247
982 418
324 600
278 622
493 559
727 34
740 528
202 800
748 651
91 376
761 552
981 463
553 193
667 549
563 199
591 529
211 770
771 875
376 137
370 631
63 38
219 181
688 996
538 705
613 413
703 262
417 723
190 970
462 215
429 838
131 878
877 248
835 32
709 780
965 374
319 888
259 67
3 604
101 169
436 930
656 773
833 959
375 4
693 373
643 566
187 909
127 846
369 237
123 491
562 222
54 795
408 792
983 504
318 443
718 227
327 391
67 500
876 456
612 267
265 643
303 732
901 5
570 811
673 13
395 265
645 432
261 234
451 124
430 582
802 66
760 320
100 293
604 745
476 439
465 422
423 163
372 369
79 26
348 901
349 346
855 813
973 952
958 154
454 626
344 993
355 660
352 703
863 898
394 762
315 808
917 392
434 897
598 910
609 454
998 494
94 368
135 922
322 865
911 7
969 873
545 654
909 238
691 153
276 148
832 769
288 292
85 879
521 774
188 900
217 399
936 496
654 558
526 384
557 191
31 503
541 994
208 580
789 316
723 992
752 677
51 492
593 571
410 37
515 948
152 902
952 735
993 258
588 254
136 783
77 614
157 10
957 305
25 505
615 763
413 676
837 629
232 953
939 471
209 307
213 686
333 207
249 899
289 427
652 429
132 18
548 277
432 249
640 761
287 309
721 317
252 129
229 950
440 906
527 982
605 341
701 757
639 665
53 355
885 728
828 23
711 657
947 886
528 719
271 974
198 779
642 971
765 739
403 969
283 462
384 400
61 353
193 882
41 314
495 893
896 785
856 417
864 426
618 423
167 962
90 764
239 419
772 22
166 176
621 363
351 340
244 855
634 772
43 229
364 751
145 647
116 551
647 299
586 200
543 278
635 11
1000 661
766 870
304 52
705 111
961 721
425 928
379 946
523 668
569 733
277 151
629 925
335 56
633 680
664 281
228 198
971 752
359 105
955 270
546 337
255 157
755 250
695 20
589 364
974 758
482 389
946 60
21 523
577 621
773 584
698 553
742 804
73 860
18 14
216 655
437 328
573 534
728 954
185 533
50 455
374 790
678 65
926 696
427 210
81 256
949 866
305 577
316 133
916 259
483 411
717 911
200 848
889 823
240 635
722 522
536 397
235 862
687 694
378 142
600 538
818 807
474 243
151 628
801 596
533 414
651 50
676 527
450 506
565 817
900 990
628 497
781 908
502 938
929 778
401 21
29 796
294 987
142 469
89 398
627 521
449 116
544 269
365 526
48 883
970 513
225 913
489 121
456 382
266 618
730 79
666 747
448 156
522 83
45 498
768 833
767 351
497 576
406 662
22 999
786 91
347 161
980 488
385 425
268 232
608 585
869 358
246 90
535 868
821 168
169 832
737 835
762 802
979 693
416 849
439 245
948 889
206 489
444 349
865 159
912 729
140 547
295 869
124 143
10 289
713 465
953 546
785 279
4 755
342 939
39 867
987 487
181 525
362 290
834 907
790 69
817 70
903 246
791 322
986 113
684 406
778 280
902 568
825 175
892 53
735 366
237 707
222 235
1 988
418 509
779 213
286 934
571 39
274 310
744 903
509 508
220 592
753 767
49 182
112 512
471 695
822 740
144 401
878 442
122 165
134 737
682 408
940 197
409 122
353 263
792 138
70 794
539 110
661 844
250 541
580 674
481 726
559 94
233 601
788 195
15 1000
371 271
457 231
754 86
504 786
694 459
566 748
994 486
183 383
399 640
128 444
76 602
653 114
499 852
725 298
143 361
699 201
35 926
14 72
914 820
659 829
587 33
150 670
669 610
620 134
69 253
632 564
839 656
310 433
850 261
486 354
795 821
363 318
155 931
84 160
52 741
275 149
677 226
745 550
300 81
118 196
975 649
511 476
524 331
55 104
704 130
816 567
126 887
66 75
420 918
904 731
887 620
282 961
125 578
267 435
530 537
269 217
326 30
897 914
36 858
44 857
808 297
558 89
138 885
893 746
443 642
105 409
977 359
175 126
242 357
258 984
996 687
507 228
525 646
836 61
623 607
478 837
397 581
905 502
665 685
253 76
733 499
256 966
301 944
898 108
578 28
189 697
702 3
924 619
441 927
182 630
655 294
340 379
720 440
769 19
942 467
120 864
862 781
293 516
747 36
2 544
875 627
872 158
262 301
366 609
164 611
726 84
700 101
358 410
945 458
17 776
195 179
915 710
325 588
962 396
581 789
424 41
231 920
853 183
411 350
196 760
751 712
380 441
299 330
321 144
284 453
201 131
840 681
480 884
697 555
96 942
428 798
113 701
692 282
251 595
844 632
137 658
800 725
910 671
171 315
518 395
412 572
590 460
224 490
487 812
584 347
80 296
205 445
560 856
906 59
445 241
551 335
750 329
886 932
156 174
426 663
555 608
5 672
99 98
56 202
830 118
783 478
47 344
435 194
245 483
847 605
226 35
468 872
141 112
724 430
115 535
361 31
749 598
820 859
624 691
386 782
842 15
28 434
172 871
398 711
787 2
350 362
337 890
64 40
859 88
803 464
984 218
405 612
520 51
159 815
227 332
616 574
963 473
498 146
88 343
925 211
65 638
306 474
845 743
552 981
104 272
291 979
812 940
11 452
913 734
238 597
20 720
103 85
446 843
966 827
331 556
221 214
641 236
264 140
23 257
356 123
180 457
729 836
583 170
579 904
383 415
130 648
377 190
257 664
40 700
716 327
995 438
806 678
798 480
102 12
819 986
501 724
273 517
804 212
62 854
944 171
988 308
12 699
422 284
611 29
447 936
368 715
815 291
777 818
459 8
97 688
516 977
972 975
715 342
999 704
38 125
402 788
846 587
139 639
770 750
389 575
381 119
985 690
782 777
298 912
108 964
149 579
469 949
59 831
597 717
891 493
919 472
574 963
72 372
556 633
582 766
260 164
550 312
263 675
746 82
95 403
68 803
874 736
510 87
154 44
547 74
813 27
811 466
332 791
663 99
549 896
117 276
956 589
774 594
531 749
602 972
357 187
484 787
870 624
367 283
990 387
572 266
336 569
638 518
576 177
829 826
852 561
107 623
508 957
976 510
860 274
534 109
934 976
857 876
592 450
400 727
133 73
756 189
989 834
168 714
34 304
473 708
19 929
871 501
519 916
888 947
111 166
954 822
82 637
895 617
309 311
453 921
234 645
967 591
455 613
496 319
649 706
838 816
706 530
114 557
841 255
650 306
57 967
848 275
46 155
646 150
668 978
110 127
296 63
671 48
960 120
119 97
174 722
360 273
736 851
373 377
784 448
796 339
414 484
179 666
599 147
933 77
320 562
475 390
388 847
930 323
843 960
568 172
731 287
393 683
1000
1 1 2
1 2 3
1 3 7
1 4 5
1 5 11
1 6 13
1 7 22
1 8 9
1 9 19
1 10 21
1 11 34
1 12 25
1 13 40
1 14 43
1 15 61
1 16 17
1 17 35
1 18 37
1 19 58
1 20 41
1 21 64
1 22 67
1 23 93
1 24 49
1 25 76
1 26 79
1 27 109
1 28 85
1 29 117
1 30 121
1 31 156
1 32 33
1 33 67
1 34 69
1 35 106
1 36 73
1 37 112
1 38 115
1 39 157
1 40 81
1 41 124
1 42 127
1 43 173
1 44 133
1 45 181
1 46 185
1 47 236
1 48 97
1 49 148
1 50 151
1 51 205
1 52 157
1 53 213
1 54 217
1 55 276
1 56 169
1 57 229
1 58 233
1 59 296
1 60 241
1 61 306
1 62 311
1 63 379
1 64 65
1 65 131
1 66 133
1 67 202
1 68 137
1 69 208
1 70 211
1 71 285
1 72 145
1 73 220
1 74 223
1 75 301
1 76 229
1 77 309
1 78 313
1 79 396
1 80 161
1 81 244
1 82 247
1 83 333
1 84 253
1 85 341
1 86 345
1 87 436
1 88 265
1 89 357
1 90 361
1 91 456
1 92 369
1 93 466
1 94 471
1 95 571
1 96 193
1 97 292
1 98 295
1 99 397
1 100 301
1 101 405
1 102 409
1 103 516
1 104 313
1 105 421
1 106 425
1 107 536
1 108 433
1 109 546
1 110 551
1 111 667
1 112 337
1 113 453
1 114 457
1 115 576
1 116 465
1 117 586
1 118 591
1 119 715
1 120 481
1 121 606
1 122 611
1 123 739
1 124 621
1 125 751
1 126 757
1 127 890
1 128 129
1 129 259
1 130 261
1 131 394
1 132 265
1 133 400
1 134 403
1 135 541
1 136 273
1 137 412
1 138 415
1 139 557
1 140 421
1 141 565
1 142 569
1 143 716
1 144 289
1 145 436
1 146 439
1 147 589
1 148 445
1 149 597
1 150 601
1 151 756
1 152 457
1 153 613
1 154 617
1 155 776
1 156 625
1 157 786
1 158 791
1 159 955
1 160 321
1 161 484
1 162 487
1 163 653
1 164 493
1 165 661
1 166 665
1 167 836
1 168 505
1 169 677
1 170 681
1 171 856
1 172 689
1 173 866
1 174 871
1 175 51
1 176 529
1 177 709
1 178 713
1 179 896
1 180 721
1 181 906
1 182 911
1 183 99
1 184 737
1 185 926
1 186 931
1 187 123
1 188 941
1 189 135
1 190 141
1 191 338
1 192 385
1 193 580
1 194 583
1 195 781
1 196 589
1 197 789
1 198 793
1 199 996
1 200 601
1 201 805
1 202 809
1 203 16
1 204 817
1 205 26
1 206 31
1 207 243
1 208 625
1 209 837
1 210 841
1 211 56
1 212 849
1 213 66
1 214 71
1 215 291
1 216 865
1 217 86
1 218 91
1 219 315
1 220 101
1 221 327
1 222 333
1 223 562
1 224 673
1 225 901
1 226 905
1 227 136
1 228 913
1 229 146
1 230 151
1 231 387
1 232 929
1 233 166
1 234 171
1 235 411
1 236 181
1 237 423
1 238 429
1 239 674
1 240 961
1 241 206
1 242 211
1 243 459
1 244 221
1 245 471
1 246 477
1 247 730
1 248 241
1 249 495
1 250 501
1 251 758
1 252 513
1 253 772
1 254 779
1 255 41
1 256 257
1 257 515
1 258 517
1 259 778
1 260 521
1 261 784
1 262 787
1 263 53
1 264 529
1 265 796
1 266 799
1 267 69
1 268 805
1 269 77
1 270 81
1 271 356
1 272 545
1 273 820
1 274 823
1 275 101
1 276 829
1 277 109
1 278 113
1 279 396
1 280 841
1 281 125
1 282 129
1 283 416
1 284 137
1 285 426
1 286 431
1 287 723
1 288 577
1 289 868
1 290 871
1 291 165
1 292 877
1 293 173
1 294 177
1 295 476
1 296 889
1 297 189
1 298 193
1 299 496
1 300 201
1 301 506
1 302 511
1 303 819
1 304 913
1 305 221
1 306 225
1 307 536
1 308 233
1 309 546
1 310 551
1 311 867
1 312 249
1 313 566
1 314 571
1 315 891
1 316 581
1 317 903
1 318 909
1 319 234
1 320 641
1 321 964
1 322 967
1 323 293
1 324 973
1 325 301
1 326 305
1 327 636
1 328 985
1 329 317
1 330 321
1 331 656
1 332 329
1 333 666
1 334 671
1 335 11
1 336 9
1 337 349
1 338 353
1 339 696
1 340 361
1 341 706
1 342 711
1 343 59
1 344 377
1 345 726
1 346 731
1 347 83
1 348 741
1 349 95
1 350 101
1 351 458
1 352 57
1 353 413
1 354 417
1 355 776
1 356 425
1 357 786
1 358 791
1 359 155
1 360 441
1 361 806
1 362 811
1 363 179
1 364 821
1 365 191
1 366 197
1 367 570
1 368 473
1 369 846
1 370 851
1 371 227
1 372 861
1 373 239
1 374 245
1 375 626
1 376 881
1 377 263
1 378 269
1 379 654
1 380 281
1 381 668
1 382 675
1 383 65
1 384 769
1 385 156
1 386 159
1 387 549
1 388 165
1 389 557
1 390 561
1 391 956
1 392 177
1 393 573
1 394 577
1 395 976
1 396 585
1 397 986
1 398 991
1 399 395
1 400 201
1 401 605
1 402 609
1 403 16
1 404 617
1 405 26
1 406 31
1 407 443
1 408 633
1 409 46
1 410 51
1 411 467
1 412 61
1 413 479
1 414 485
1 415 906
1 416 249
1 417 669
1 418 673
1 419 96
1 420 681
1 421 106
1 422 111
1 423 539
1 424 697
1 425 126
1 426 131
1 427 563
1 428 141
1 429 575
1 430 581
1 431 18
1 432 729
1 433 166
1 434 171
1 435 611
1 436 181
1 437 623
1 438 629
1 439 74
1 440 201
1 441 647
1 442 653
1 443 102
1 444 665
1 445 116
1 446 123
1 447 577
1 448 345
1 449 797
1 450 801
1 451 256
1 452 809
1 453 266
1 454 271
1 455 731
1 456 825
1 457 286
1 458 291
1 459 755
1 460 301
1 461 767
1 462 773
1 463 242
1 464 857
1 465 326
1 466 331
1 467 803
1 468 341
1 469 815
1 470 821
1 471 298
1 472 361
1 473 839
1 474 845
1 475 326
1 476 857
1 477 340
1 478 347
1 479 833
1 480 921
1 481 406
1 482 411
1 483 899
1 484 421
1 485 911
1 486 917
1 487 410
1 488 441
1 489 935
1 490 941
1 491 438
1 492 953
1 493 452
1 494 459
1 495 961
1 496 481
1 497 983
1 498 989
1 499 494
1 500 1
1 501 508
1 502 515
1 503 25
1 504 25
1 505 536
1 506 543
1 507 57
1 508 557
1 509 73
1 510 81
1 511 600
1 512 513
1 513 27
1 514 29
1 515 546
1 516 33
1 517 552
1 518 555
1 519 77
1 520 41
1 521 564
1 522 567
1 523 93
1 524 573
1 525 101
1 526 105
1 527 636
1 528 57
1 529 588
1 530 591
1 531 125
1 532 597
1 533 133
1 534 137
1 535 676
1 536 609
1 537 149
1 538 153
1 539 696
1 540 161
1 541 706
1 542 711
1 543 259
1 544 89
1 545 636
1 546 639
1 547 189
1 548 645
1 549 197
1 550 201
1 551 756
1 552 657
1 553 213
1 554 217
1 555 776
1 556 225
1 557 786
1 558 791
1 559 355
1 560 681
1 561 245
1 562 249
1 563 816
1 564 257
1 565 826
1 566 831
1 567 403
1 568 273
1 569 846
1 570 851
1 571 427
1 572 861
1 573 439
1 574 445
1 575 26
1 576 153
1 577 732
1 578 735
1 579 317
1 580 741
1 581 325
1 582 329
1 583 916
1 584 753
1 585 341
1 586 345
1 587 936
1 588 353
1 589 946
1 590 951
1 591 547
1 592 777
1 593 373
1 594 377
1 595 976
1 596 385
1 597 986
1 598 991
1 599 595
1 600 401
1 601 6
1 602 11
1 603 619
1 604 21
1 605 631
1 606 637
1 607 250
1 608 825
1 609 437
1 610 441
1 611 56
1 612 449
1 613 66
1 614 71
1 615 691
1 616 465
1 617 86
1 618 91
1 619 715
1 620 101
1 621 727
1 622 733
1 623 362
1 624 497
1 625 126
1 626 131
1 627 763
1 628 141
1 629 775
1 630 781
1 631 418
1 632 161
1 633 799
1 634 805
1 635 446
1 636 817
1 637 460
1 638 467
1 639 113
1 640 281
1 641 924
1 642 927
1 643 573
1 644 933
1 645 581
1 646 585
1 647 236
1 648 945
1 649 597
1 650 601
1 651 256
1 652 609
1 653 266
1 654 271
1 655 931
1 656 969
1 657 629
1 658 633
1 659 296
1 660 641
1 661 306
1 662 311
1 663 979
1 664 657
1 665 326
1 666 331
1 667 3
1 668 341
1 669 15
1 670 21
1 671 698
1 672 17
1 673 693
1 674 697
1 675 376
1 676 705
1 677 386
1 678 391
1 679 75
1 680 721
1 681 406
1 682 411
1 683 99
1 684 421
1 685 111
1 686 117
1 687 810
1 688 753
1 689 446
1 690 451
1 691 147
1 692 461
1 693 159
1 694 165
1 695 866
1 696 481
1 697 183
1 698 189
1 699 894
1 700 201
1 701 908
1 702 915
1 703 625
1 704 113
1 705 821
1 706 825
1 707 536
1 708 833
1 709 546
1 710 551
1 711 267
1 712 849
1 713 566
1 714 571
1 715 291
1 716 581
1 717 303
1 718 309
1 719 34
1 720 881
1 721 606
1 722 611
1 723 339
1 724 621
1 725 351
1 726 357
1 727 90
1 728 641
1 729 375
1 730 381
1 731 118
1 732 393
1 733 132
1 734 139
1 735 881
1 736 945
1 737 686
1 738 691
1 739 435
1 740 701
1 741 447
1 742 453
1 743 202
1 744 721
1 745 471
1 746 477
1 747 230
1 748 489
1 749 244
1 750 251
1 751 9
1 752 761
1 753 519
1 754 525
1 755 286
1 756 537
1 757 300
1 758 307
1 759 73
1 760 561
1 761 328
1 762 335
1 763 105
1 764 349
1 765 121
1 766 129
1 767 904
1 768 537
1 769 308
1 770 311
1 771 85
1 772 317
1 773 93
1 774 97
1 775 876
1 776 329
1 777 109
1 778 113
1 779 896
1 780 121
1 781 906
1 782 911
1 783 699
1 784 353
1 785 141
1 786 145
1 787 936
1 788 153
1 789 946
1 790 951
1 791 747
1 792 169
1 793 966
1 794 971
1 795 771
1 796 981
1 797 783
1 798 789
1 799 594
1 800 401
1 801 205
1 802 209
1 803 16
1 804 217
1 805 26
1 806 31
1 807 843
1 808 233
1 809 46
1 810 51
1 811 867
1 812 61
1 813 879
1 814 885
1 815 706
1 816 265
1 817 86
1 818 91
1 819 915
1 820 101
1 821 927
1 822 933
1 823 762
1 824 121
1 825 951
1 826 957
1 827 790
1 828 969
1 829 804
1 830 811
1 831 649
1 832 497
1 833 333
1 834 337
1 835 176
1 836 345
1 837 186
1 838 191
1 839 35
1 840 361
1 841 206
1 842 211
1 843 59
1 844 221
1 845 71
1 846 77
1 847 930
1 848 393
1 849 246
1 850 251
1 851 107
1 852 261
1 853 119
1 854 125
1 855 986
1 856 281
1 857 143
1 858 149
1 859 14
1 860 161
1 861 28
1 862 35
1 863 905
1 864 457
1 865 326
1 866 331
1 867 203
1 868 341
1 869 215
1 870 221
1 871 98
1 872 361
1 873 239
1 874 245
1 875 126
1 876 257
1 877 140
1 878 147
1 879 33
1 880 401
1 881 287
1 882 293
1 883 182
1 884 305
1 885 196
1 886 203
1 887 97
1 888 329
1 889 224
1 890 231
1 891 129
1 892 245
1 893 145
1 894 153
1 895 56
1 896 689
1 897 589
1 898 593
1 899 496
1 900 601
1 901 506
1 902 511
1 903 419
1 904 617
1 905 526
1 906 531
1 907 443
1 908 541
1 909 455
1 910 461
1 911 378
1 912 649
1 913 566
1 914 571
1 915 491
1 916 581
1 917 503
1 918 509
1 919 434
1 920 601
1 921 527
1 922 533
1 923 462
1 924 545
1 925 476
1 926 483
1 927 417
1 928 713
1 929 646
1 930 651
1 931 587
1 932 661
1 933 599
1 934 605
1 935 546
1 936 681
1 937 623
1 938 629
1 939 574
1 940 641
1 941 588
1 942 595
1 943 545
1 944 721
1 945 671
1 946 677
1 947 630
1 948 689
1 949 644
1 950 651
1 951 609
1 952 713
1 953 672
1 954 679
1 955 641
1 956 693
1 957 657
1 958 665
1 959 632
1 960 841
1 961 806
1 962 811
1 963 779
1 964 821
1 965 791
1 966 797
1 967 770
1 968 841
1 969 815
1 970 821
1 971 798
1 972 833
1 973 812
1 974 819
1 975 801
1 976 881
1 977 863
1 978 869
1 979 854
1 980 881
1 981 868
1 982 875
1 983 865
1 984 905
1 985 896
1 986 903
1 987 897
1 988 917
1 989 913
1 990 921
1 991 920
1 992 961
1 993 959
1 994 965
1 995 966
1 996 977
1 997 980
1 998 987
1 999 993
1 1000 1
